 The logarithm of the determinant of the hessian = 2.06824
 index   name       value      std.dev       1       2       3       4       5       6       7       8       9      10      11      12      13      14      15      16      17      18      19      20      21      22      23      24      25      26      27      28      29      30      31      32      33      34      35      36      37      38      39      40      41      42      43      44      45      46      47      48      49      50      51      52      53      54      55      56      57      58      59      60      61      62      63      64      65      66      67      68      69      70      71      72      73      74      75      76      77      78      79   
     1   logSdLam -4.6101e-01 3.5554e-01   1.0000
     2   biom      6.1492e+00 1.9237e+00   0.0099  1.0000
     3   biom      6.1492e+00 1.8174e+00   0.0104  0.9448  1.0000
     4   biom      6.1492e+00 1.7045e+00   0.0111  0.8861  0.9379  1.0000
     5   biom      6.1492e+00 1.5836e+00   0.0120  0.8232  0.8714  0.9291  1.0000
     6   biom      6.1492e+00 1.4527e+00   0.0131  0.7552  0.7993  0.8523  0.9173  1.0000
     7   biom      6.1492e+00 1.3087e+00   0.0146  0.6803  0.7201  0.7678  0.8264  0.9009  1.0000
     8   biom      6.1492e+00 1.1468e+00   0.0167  0.5961  0.6310  0.6728  0.7242  0.7894  0.8763  1.0000
     9   biom      6.1492e+00 9.5791e-01   0.0199  0.4980  0.5271  0.5620  0.6049  0.6594  0.7320  0.8353  1.0000
    10   biom      6.1492e+00 7.2112e-01   0.0263  0.3749  0.3968  0.4231  0.4554  0.4964  0.5510  0.6288  0.7528  1.0000
    11   biom      6.1492e+00 3.4995e-01   0.0544  0.1819  0.1925  0.2053  0.2210  0.2409  0.2674  0.3052  0.3653  0.4853  1.0000
    12   biom      5.9926e+00 5.9532e-01  -0.0597  0.0768  0.0813  0.0867  0.0933  0.1018  0.1129  0.1289  0.1543  0.2050  0.4224  1.0000
    13   biom      5.8359e+00 6.2687e-01  -0.1440  0.0444  0.0470  0.0501  0.0539  0.0588  0.0652  0.0745  0.0891  0.1184  0.2440  0.5982  1.0000
    14   biom      5.6792e+00 4.8799e-01  -0.2969  0.0203  0.0215  0.0230  0.0247  0.0269  0.0298  0.0340  0.0408  0.0542  0.1117  0.3170  0.5398  1.0000
    15   biom      5.9268e+00 6.4550e-01  -0.1472  0.0114  0.0121  0.0129  0.0139  0.0151  0.0168  0.0191  0.0229  0.0305  0.0628  0.1745  0.2964  0.5486  1.0000
    16   biom      6.1743e+00 6.4692e-01  -0.0699  0.0075  0.0079  0.0084  0.0091  0.0099  0.0110  0.0125  0.0150  0.0199  0.0410  0.1091  0.1843  0.3405  0.6298  1.0000
    17   biom      6.4219e+00 4.9356e-01   0.0090  0.0046  0.0049  0.0052  0.0056  0.0061  0.0068  0.0078  0.0093  0.0123  0.0254  0.0578  0.0956  0.1751  0.3431  0.5527  1.0000
    18   biom      6.6224e+00 6.2581e-01   0.0405  0.0029  0.0030  0.0032  0.0035  0.0038  0.0042  0.0048  0.0058  0.0077  0.0158  0.0294  0.0470  0.0849  0.1817  0.2987  0.5453  1.0000
    19   biom      6.8228e+00 5.8427e-01   0.0792  0.0022  0.0024  0.0025  0.0027  0.0030  0.0033  0.0038  0.0045  0.0060  0.0123  0.0141  0.0199  0.0338  0.0995  0.1730  0.3233  0.5943  1.0000
    20   biom      7.0233e+00 3.0460e-01   0.2206  0.0027  0.0029  0.0031  0.0033  0.0036  0.0040  0.0046  0.0055  0.0072  0.0149 -0.0063 -0.0203 -0.0445  0.0082  0.0499  0.1201  0.2254  0.3814  1.0000
    21   biom      6.7396e+00 4.9384e-01  -0.0037  0.0001  0.0002  0.0002  0.0002  0.0002  0.0002  0.0002  0.0003  0.0004  0.0008  0.0025  0.0044  0.0082  0.0143  0.0223  0.0398  0.0729  0.1225  0.3202  1.0000
    22   biom      6.4560e+00 2.8375e-01  -0.2492 -0.0024 -0.0025 -0.0027 -0.0029 -0.0032 -0.0036 -0.0041 -0.0049 -0.0064 -0.0133  0.0156  0.0370  0.0761  0.0408  0.0240  0.0097  0.0118  0.0170  0.0410  0.3000  1.0000
    23   biom      6.7840e+00 5.0367e-01  -0.0304 -0.0003 -0.0003 -0.0003 -0.0003 -0.0004 -0.0004 -0.0005 -0.0006 -0.0008 -0.0016  0.0020  0.0048  0.0097  0.0058  0.0043  0.0036  0.0058  0.0095  0.0244  0.0969  0.3113  1.0000
    24   biom      7.1121e+00 3.4954e-01   0.1142  0.0011  0.0012  0.0013  0.0014  0.0015  0.0017  0.0019  0.0023  0.0030  0.0062 -0.0067 -0.0163 -0.0337 -0.0163 -0.0072  0.0025  0.0073  0.0135  0.0369  0.0359  0.0854  0.3711  1.0000
    25   biom      7.4311e+00 5.9912e-01   0.3159  0.0031  0.0033  0.0035  0.0038  0.0041  0.0046  0.0053  0.0063  0.0083  0.0172 -0.0188 -0.0454 -0.0937 -0.0463 -0.0218  0.0034  0.0138  0.0268  0.0743  0.0131 -0.0339  0.1378  0.4246  1.0000
    26   biom      7.7500e+00 6.3812e-01   0.5306  0.0053  0.0055  0.0059  0.0064  0.0070  0.0078  0.0089  0.0106  0.0140  0.0289 -0.0317 -0.0764 -0.1575 -0.0780 -0.0370  0.0050  0.0220  0.0429  0.1193  0.0050 -0.1104  0.0555  0.2495  0.6053  1.0000
    27   biom      7.4091e+00 7.3375e-01   0.3461  0.0034  0.0036  0.0038  0.0042  0.0045  0.0051  0.0058  0.0069  0.0091  0.0188 -0.0207 -0.0498 -0.1027 -0.0509 -0.0241  0.0033  0.0143  0.0280  0.0778  0.0033 -0.0718  0.0371  0.1649  0.3999  0.6606  1.0000
    28   biom      7.0682e+00 7.2693e-01   0.2327  0.0023  0.0024  0.0026  0.0028  0.0031  0.0034  0.0039  0.0046  0.0061  0.0127 -0.0139 -0.0335 -0.0691 -0.0342 -0.0162  0.0022  0.0097  0.0188  0.0524  0.0024 -0.0479  0.0261  0.1139  0.2758  0.4556  0.6935  1.0000
    29   biom      6.7273e+00 6.1434e-01   0.1375  0.0014  0.0014  0.0015  0.0016  0.0018  0.0020  0.0023  0.0027  0.0036  0.0075 -0.0082 -0.0198 -0.0408 -0.0202 -0.0096  0.0013  0.0057  0.0111  0.0310  0.0016 -0.0277  0.0174  0.0726  0.1752  0.2892  0.4468  0.6480  1.0000
    30   biom      6.3865e+00 2.9211e-01  -0.0005 -0.0000 -0.0000 -0.0000 -0.0000 -0.0000 -0.0000 -0.0000 -0.0000 -0.0000 -0.0000  0.0000  0.0001  0.0002  0.0001  0.0001  0.0000  0.0000  0.0001  0.0001  0.0008  0.0027  0.0083  0.0219  0.0506  0.0831  0.1537  0.2374  0.3782  1.0000
    31   biom      6.0825e+00 4.9620e-01  -0.1192 -0.0012 -0.0012 -0.0013 -0.0014 -0.0016 -0.0017 -0.0020 -0.0024 -0.0031 -0.0065  0.0071  0.0172  0.0354  0.0176  0.0083 -0.0011 -0.0048 -0.0094 -0.0262  0.0007  0.0305  0.0063 -0.0066 -0.0213 -0.0364  0.0082  0.0487  0.1053  0.3217  1.0000
    32   biom      5.7785e+00 2.9762e-01  -0.3976 -0.0039 -0.0041 -0.0044 -0.0048 -0.0052 -0.0058 -0.0066 -0.0079 -0.0105 -0.0216  0.0237  0.0573  0.1180  0.0585  0.0278 -0.0036 -0.0161 -0.0315 -0.0877  0.0015  0.0993  0.0128 -0.0434 -0.1209 -0.2034 -0.1236 -0.0709 -0.0202  0.0914  0.3267  1.0000
    33   biom      6.6354e+00 5.4757e-01   0.2046  0.0020  0.0021  0.0023  0.0025  0.0027  0.0030  0.0034  0.0041  0.0054  0.0111 -0.0122 -0.0295 -0.0607 -0.0301 -0.0143  0.0018  0.0083  0.0162  0.0451 -0.0007 -0.0509 -0.0060  0.0241  0.0662  0.1112  0.0757  0.0552  0.0402  0.0318  0.0735  0.2137  1.0000
    34   biom      7.4922e+00 5.9460e-01   0.5759  0.0057  0.0060  0.0064  0.0069  0.0076  0.0084  0.0096  0.0115  0.0152  0.0313 -0.0344 -0.0829 -0.1710 -0.0848 -0.0403  0.0052  0.0233  0.0456  0.1271 -0.0021 -0.1435 -0.0174  0.0661  0.1826  0.3067  0.2014  0.1372  0.0842  0.0129 -0.0282 -0.1070  0.5138  1.0000
    35   biom      7.4542e+00 5.7734e-01   0.3533  0.0035  0.0037  0.0039  0.0042  0.0046  0.0052  0.0059  0.0070  0.0093  0.0192 -0.0211 -0.0509 -0.1049 -0.0520 -0.0247  0.0032  0.0143  0.0280  0.0780 -0.0013 -0.0880 -0.0107  0.0405  0.1120  0.1881  0.1234  0.0840  0.0514  0.0073 -0.0191 -0.0711  0.2976  0.5837  1.0000
    36   biom      7.4162e+00 3.0035e-01   0.2180  0.0022  0.0023  0.0024  0.0026  0.0029  0.0032  0.0036  0.0043  0.0057  0.0119 -0.0130 -0.0314 -0.0647 -0.0321 -0.0152  0.0020  0.0088  0.0173  0.0481 -0.0008 -0.0543 -0.0066  0.0250  0.0690  0.1159  0.0759  0.0514  0.0310  0.0026 -0.0176 -0.0614  0.1268  0.2642  0.3962  1.0000
    37   biom      7.1503e+00 4.9750e-01   0.0310  0.0003  0.0003  0.0003  0.0004  0.0004  0.0005  0.0005  0.0006  0.0008  0.0017 -0.0018 -0.0045 -0.0092 -0.0046 -0.0022  0.0003  0.0013  0.0025  0.0068 -0.0001 -0.0077 -0.0009  0.0036  0.0098  0.0165  0.0109  0.0074  0.0046  0.0009 -0.0009 -0.0038  0.0339  0.0643  0.1179  0.3261  1.0000
    38   biom      6.8844e+00 3.0036e-01  -0.1152 -0.0011 -0.0012 -0.0013 -0.0014 -0.0015 -0.0017 -0.0019 -0.0023 -0.0030 -0.0063  0.0069  0.0166  0.0342  0.0170  0.0081 -0.0010 -0.0047 -0.0091 -0.0254  0.0004  0.0287  0.0035 -0.0131 -0.0364 -0.0611 -0.0398 -0.0267 -0.0157  0.0004  0.0147  0.0486 -0.0145 -0.0510 -0.0054  0.0803  0.3261  1.0000
    39   biom      6.8844e+00 6.9841e-01  -0.0495 -0.0005 -0.0005 -0.0005 -0.0006 -0.0006 -0.0007 -0.0008 -0.0010 -0.0013 -0.0027  0.0030  0.0071  0.0147  0.0073  0.0035 -0.0004 -0.0020 -0.0039 -0.0109  0.0002  0.0123  0.0015 -0.0057 -0.0156 -0.0263 -0.0171 -0.0115 -0.0068  0.0002  0.0063  0.0209 -0.0062 -0.0219 -0.0023  0.0345  0.1402  0.4301  1.0000
    40   biom      6.8844e+00 9.4092e-01  -0.0367 -0.0004 -0.0004 -0.0004 -0.0004 -0.0005 -0.0005 -0.0006 -0.0007 -0.0010 -0.0020  0.0022  0.0053  0.0109  0.0054  0.0026 -0.0003 -0.0015 -0.0029 -0.0081  0.0001  0.0092  0.0011 -0.0042 -0.0116 -0.0195 -0.0127 -0.0085 -0.0050  0.0001  0.0047  0.0155 -0.0046 -0.0163 -0.0017  0.0256  0.1041  0.3192  0.7423  1.0000
    41   biomsd    6.1492e+00 1.9237e+00   0.0099  1.0000  0.9448  0.8861  0.8232  0.7552  0.6803  0.5961  0.4980  0.3749  0.1819  0.0768  0.0444  0.0203  0.0114  0.0075  0.0046  0.0029  0.0022  0.0027  0.0001 -0.0024 -0.0003  0.0011  0.0031  0.0053  0.0034  0.0023  0.0014 -0.0000 -0.0012 -0.0039  0.0020  0.0057  0.0035  0.0022  0.0003 -0.0011 -0.0005 -0.0004  1.0000
    42   biomsd    6.1492e+00 1.8174e+00   0.0104  0.9448  1.0000  0.9379  0.8714  0.7993  0.7201  0.6310  0.5271  0.3968  0.1925  0.0813  0.0470  0.0215  0.0121  0.0079  0.0049  0.0030  0.0024  0.0029  0.0002 -0.0025 -0.0003  0.0012  0.0033  0.0055  0.0036  0.0024  0.0014 -0.0000 -0.0012 -0.0041  0.0021  0.0060  0.0037  0.0023  0.0003 -0.0012 -0.0005 -0.0004  0.9448  1.0000
    43   biomsd    6.1492e+00 1.7045e+00   0.0111  0.8861  0.9379  1.0000  0.9291  0.8523  0.7678  0.6728  0.5620  0.4231  0.2053  0.0867  0.0501  0.0230  0.0129  0.0084  0.0052  0.0032  0.0025  0.0031  0.0002 -0.0027 -0.0003  0.0013  0.0035  0.0059  0.0038  0.0026  0.0015 -0.0000 -0.0013 -0.0044  0.0023  0.0064  0.0039  0.0024  0.0003 -0.0013 -0.0005 -0.0004  0.8861  0.9379  1.0000
    44   biomsd    6.1492e+00 1.5836e+00   0.0120  0.8232  0.8714  0.9291  1.0000  0.9173  0.8264  0.7242  0.6049  0.4554  0.2210  0.0933  0.0539  0.0247  0.0139  0.0091  0.0056  0.0035  0.0027  0.0033  0.0002 -0.0029 -0.0003  0.0014  0.0038  0.0064  0.0042  0.0028  0.0016 -0.0000 -0.0014 -0.0048  0.0025  0.0069  0.0042  0.0026  0.0004 -0.0014 -0.0006 -0.0004  0.8232  0.8714  0.9291  1.0000
    45   biomsd    6.1492e+00 1.4527e+00   0.0131  0.7552  0.7993  0.8523  0.9173  1.0000  0.9009  0.7894  0.6594  0.4964  0.2409  0.1018  0.0588  0.0269  0.0151  0.0099  0.0061  0.0038  0.0030  0.0036  0.0002 -0.0032 -0.0004  0.0015  0.0041  0.0070  0.0045  0.0031  0.0018 -0.0000 -0.0016 -0.0052  0.0027  0.0076  0.0046  0.0029  0.0004 -0.0015 -0.0006 -0.0005  0.7552  0.7993  0.8523  0.9173  1.0000
    46   biomsd    6.1492e+00 1.3087e+00   0.0146  0.6803  0.7201  0.7678  0.8264  0.9009  1.0000  0.8763  0.7320  0.5510  0.2674  0.1129  0.0652  0.0298  0.0168  0.0110  0.0068  0.0042  0.0033  0.0040  0.0002 -0.0036 -0.0004  0.0017  0.0046  0.0078  0.0051  0.0034  0.0020 -0.0000 -0.0017 -0.0058  0.0030  0.0084  0.0052  0.0032  0.0005 -0.0017 -0.0007 -0.0005  0.6803  0.7201  0.7678  0.8264  0.9009  1.0000
    47   biomsd    6.1492e+00 1.1468e+00   0.0167  0.5961  0.6310  0.6728  0.7242  0.7894  0.8763  1.0000  0.8353  0.6288  0.3052  0.1289  0.0745  0.0340  0.0191  0.0125  0.0078  0.0048  0.0038  0.0046  0.0002 -0.0041 -0.0005  0.0019  0.0053  0.0089  0.0058  0.0039  0.0023 -0.0000 -0.0020 -0.0066  0.0034  0.0096  0.0059  0.0036  0.0005 -0.0019 -0.0008 -0.0006  0.5961  0.6310  0.6728  0.7242  0.7894  0.8763  1.0000
    48   biomsd    6.1492e+00 9.5791e-01   0.0199  0.4980  0.5271  0.5620  0.6049  0.6594  0.7320  0.8353  1.0000  0.7528  0.3653  0.1543  0.0891  0.0408  0.0229  0.0150  0.0093  0.0058  0.0045  0.0055  0.0003 -0.0049 -0.0006  0.0023  0.0063  0.0106  0.0069  0.0046  0.0027 -0.0000 -0.0024 -0.0079  0.0041  0.0115  0.0070  0.0043  0.0006 -0.0023 -0.0010 -0.0007  0.4980  0.5271  0.5620  0.6049  0.6594  0.7320  0.8353  1.0000
    49   biomsd    6.1492e+00 7.2112e-01   0.0263  0.3749  0.3968  0.4231  0.4554  0.4964  0.5510  0.6288  0.7528  1.0000  0.4853  0.2050  0.1184  0.0542  0.0305  0.0199  0.0123  0.0077  0.0060  0.0072  0.0004 -0.0064 -0.0008  0.0030  0.0083  0.0140  0.0091  0.0061  0.0036 -0.0000 -0.0031 -0.0105  0.0054  0.0152  0.0093  0.0057  0.0008 -0.0030 -0.0013 -0.0010  0.3749  0.3968  0.4231  0.4554  0.4964  0.5510  0.6288  0.7528  1.0000
    50   biomsd    6.1492e+00 3.4995e-01   0.0544  0.1819  0.1925  0.2053  0.2210  0.2409  0.2674  0.3052  0.3653  0.4853  1.0000  0.4224  0.2440  0.1117  0.0628  0.0410  0.0254  0.0158  0.0123  0.0149  0.0008 -0.0133 -0.0016  0.0062  0.0172  0.0289  0.0188  0.0127  0.0075 -0.0000 -0.0065 -0.0216  0.0111  0.0313  0.0192  0.0119  0.0017 -0.0063 -0.0027 -0.0020  0.1819  0.1925  0.2053  0.2210  0.2409  0.2674  0.3052  0.3653  0.4853  1.0000
    51   biomsd    5.9926e+00 5.9532e-01  -0.0597  0.0768  0.0813  0.0867  0.0933  0.1018  0.1129  0.1289  0.1543  0.2050  0.4224  1.0000  0.5982  0.3170  0.1745  0.1091  0.0578  0.0294  0.0141 -0.0063  0.0025  0.0156  0.0020 -0.0067 -0.0188 -0.0317 -0.0207 -0.0139 -0.0082  0.0000  0.0071  0.0237 -0.0122 -0.0344 -0.0211 -0.0130 -0.0018  0.0069  0.0030  0.0022  0.0768  0.0813  0.0867  0.0933  0.1018  0.1129  0.1289  0.1543  0.2050  0.4224  1.0000
    52   biomsd    5.8359e+00 6.2687e-01  -0.1440  0.0444  0.0470  0.0501  0.0539  0.0588  0.0652  0.0745  0.0891  0.1184  0.2440  0.5982  1.0000  0.5398  0.2964  0.1843  0.0956  0.0470  0.0199 -0.0203  0.0044  0.0370  0.0048 -0.0163 -0.0454 -0.0764 -0.0498 -0.0335 -0.0198  0.0001  0.0172  0.0573 -0.0295 -0.0829 -0.0509 -0.0314 -0.0045  0.0166  0.0071  0.0053  0.0444  0.0470  0.0501  0.0539  0.0588  0.0652  0.0745  0.0891  0.1184  0.2440  0.5982  1.0000
    53   biomsd    5.6792e+00 4.8799e-01  -0.2969  0.0203  0.0215  0.0230  0.0247  0.0269  0.0298  0.0340  0.0408  0.0542  0.1117  0.3170  0.5398  1.0000  0.5486  0.3405  0.1751  0.0849  0.0338 -0.0445  0.0082  0.0761  0.0097 -0.0337 -0.0937 -0.1575 -0.1027 -0.0691 -0.0408  0.0002  0.0354  0.1180 -0.0607 -0.1710 -0.1049 -0.0647 -0.0092  0.0342  0.0147  0.0109  0.0203  0.0215  0.0230  0.0247  0.0269  0.0298  0.0340  0.0408  0.0542  0.1117  0.3170  0.5398  1.0000
    54   biomsd    5.9268e+00 6.4550e-01  -0.1472  0.0114  0.0121  0.0129  0.0139  0.0151  0.0168  0.0191  0.0229  0.0305  0.0628  0.1745  0.2964  0.5486  1.0000  0.6298  0.3431  0.1817  0.0995  0.0082  0.0143  0.0408  0.0058 -0.0163 -0.0463 -0.0780 -0.0509 -0.0342 -0.0202  0.0001  0.0176  0.0585 -0.0301 -0.0848 -0.0520 -0.0321 -0.0046  0.0170  0.0073  0.0054  0.0114  0.0121  0.0129  0.0139  0.0151  0.0168  0.0191  0.0229  0.0305  0.0628  0.1745  0.2964  0.5486  1.0000
    55   biomsd    6.1743e+00 6.4692e-01  -0.0699  0.0075  0.0079  0.0084  0.0091  0.0099  0.0110  0.0125  0.0150  0.0199  0.0410  0.1091  0.1843  0.3405  0.6298  1.0000  0.5527  0.2987  0.1730  0.0499  0.0223  0.0240  0.0043 -0.0072 -0.0218 -0.0370 -0.0241 -0.0162 -0.0096  0.0001  0.0083  0.0278 -0.0143 -0.0403 -0.0247 -0.0152 -0.0022  0.0081  0.0035  0.0026  0.0075  0.0079  0.0084  0.0091  0.0099  0.0110  0.0125  0.0150  0.0199  0.0410  0.1091  0.1843  0.3405  0.6298  1.0000
    56   biomsd    6.4219e+00 4.9356e-01   0.0090  0.0046  0.0049  0.0052  0.0056  0.0061  0.0068  0.0078  0.0093  0.0123  0.0254  0.0578  0.0956  0.1751  0.3431  0.5527  1.0000  0.5453  0.3233  0.1201  0.0398  0.0097  0.0036  0.0025  0.0034  0.0050  0.0033  0.0022  0.0013  0.0000 -0.0011 -0.0036  0.0018  0.0052  0.0032  0.0020  0.0003 -0.0010 -0.0004 -0.0003  0.0046  0.0049  0.0052  0.0056  0.0061  0.0068  0.0078  0.0093  0.0123  0.0254  0.0578  0.0956  0.1751  0.3431  0.5527  1.0000
    57   biomsd    6.6224e+00 6.2581e-01   0.0405  0.0029  0.0030  0.0032  0.0035  0.0038  0.0042  0.0048  0.0058  0.0077  0.0158  0.0294  0.0470  0.0849  0.1817  0.2987  0.5453  1.0000  0.5943  0.2254  0.0729  0.0118  0.0058  0.0073  0.0138  0.0220  0.0143  0.0097  0.0057  0.0000 -0.0048 -0.0161  0.0083  0.0233  0.0143  0.0088  0.0013 -0.0047 -0.0020 -0.0015  0.0029  0.0030  0.0032  0.0035  0.0038  0.0042  0.0048  0.0058  0.0077  0.0158  0.0294  0.0470  0.0849  0.1817  0.2987  0.5453  1.0000
    58   biomsd    6.8228e+00 5.8427e-01   0.0792  0.0022  0.0024  0.0025  0.0027  0.0030  0.0033  0.0038  0.0045  0.0060  0.0123  0.0141  0.0199  0.0338  0.0995  0.1730  0.3233  0.5943  1.0000  0.3814  0.1225  0.0170  0.0095  0.0135  0.0268  0.0429  0.0280  0.0188  0.0111  0.0001 -0.0094 -0.0315  0.0162  0.0456  0.0280  0.0173  0.0025 -0.0091 -0.0039 -0.0029  0.0022  0.0024  0.0025  0.0027  0.0030  0.0033  0.0038  0.0045  0.0060  0.0123  0.0141  0.0199  0.0338  0.0995  0.1730  0.3233  0.5943  1.0000
    59   biomsd    7.0233e+00 3.0460e-01   0.2206  0.0027  0.0029  0.0031  0.0033  0.0036  0.0040  0.0046  0.0055  0.0072  0.0149 -0.0063 -0.0203 -0.0445  0.0082  0.0499  0.1201  0.2254  0.3814  1.0000  0.3202  0.0410  0.0244  0.0369  0.0743  0.1193  0.0778  0.0524  0.0310  0.0001 -0.0262 -0.0877  0.0451  0.1271  0.0780  0.0481  0.0068 -0.0254 -0.0109 -0.0081  0.0027  0.0029  0.0031  0.0033  0.0036  0.0040  0.0046  0.0055  0.0072  0.0149 -0.0063 -0.0203 -0.0445  0.0082  0.0499  0.1201  0.2254  0.3814  1.0000
    60   biomsd    6.7396e+00 4.9384e-01  -0.0037  0.0001  0.0002  0.0002  0.0002  0.0002  0.0002  0.0002  0.0003  0.0004  0.0008  0.0025  0.0044  0.0082  0.0143  0.0223  0.0398  0.0729  0.1225  0.3202  1.0000  0.3000  0.0969  0.0359  0.0131  0.0050  0.0033  0.0024  0.0016  0.0008  0.0007  0.0015 -0.0007 -0.0021 -0.0013 -0.0008 -0.0001  0.0004  0.0002  0.0001  0.0001  0.0002  0.0002  0.0002  0.0002  0.0002  0.0002  0.0003  0.0004  0.0008  0.0025  0.0044  0.0082  0.0143  0.0223  0.0398  0.0729  0.1225  0.3202  1.0000
    61   biomsd    6.4560e+00 2.8375e-01  -0.2492 -0.0024 -0.0025 -0.0027 -0.0029 -0.0032 -0.0036 -0.0041 -0.0049 -0.0064 -0.0133  0.0156  0.0370  0.0761  0.0408  0.0240  0.0097  0.0118  0.0170  0.0410  0.3000  1.0000  0.3113  0.0854 -0.0339 -0.1104 -0.0718 -0.0479 -0.0277  0.0027  0.0305  0.0993 -0.0509 -0.1435 -0.0880 -0.0543 -0.0077  0.0287  0.0123  0.0092 -0.0024 -0.0025 -0.0027 -0.0029 -0.0032 -0.0036 -0.0041 -0.0049 -0.0064 -0.0133  0.0156  0.0370  0.0761  0.0408  0.0240  0.0097  0.0118  0.0170  0.0410  0.3000  1.0000
    62   biomsd    6.7840e+00 5.0367e-01  -0.0304 -0.0003 -0.0003 -0.0003 -0.0003 -0.0004 -0.0004 -0.0005 -0.0006 -0.0008 -0.0016  0.0020  0.0048  0.0097  0.0058  0.0043  0.0036  0.0058  0.0095  0.0244  0.0969  0.3113  1.0000  0.3711  0.1378  0.0555  0.0371  0.0261  0.0174  0.0083  0.0063  0.0128 -0.0060 -0.0174 -0.0107 -0.0066 -0.0009  0.0035  0.0015  0.0011 -0.0003 -0.0003 -0.0003 -0.0003 -0.0004 -0.0004 -0.0005 -0.0006 -0.0008 -0.0016  0.0020  0.0048  0.0097  0.0058  0.0043  0.0036  0.0058  0.0095  0.0244  0.0969  0.3113  1.0000
    63   biomsd    7.1121e+00 3.4954e-01   0.1142  0.0011  0.0012  0.0013  0.0014  0.0015  0.0017  0.0019  0.0023  0.0030  0.0062 -0.0067 -0.0163 -0.0337 -0.0163 -0.0072  0.0025  0.0073  0.0135  0.0369  0.0359  0.0854  0.3711  1.0000  0.4246  0.2495  0.1649  0.1139  0.0726  0.0219 -0.0066 -0.0434  0.0241  0.0661  0.0405  0.0250  0.0036 -0.0131 -0.0057 -0.0042  0.0011  0.0012  0.0013  0.0014  0.0015  0.0017  0.0019  0.0023  0.0030  0.0062 -0.0067 -0.0163 -0.0337 -0.0163 -0.0072  0.0025  0.0073  0.0135  0.0369  0.0359  0.0854  0.3711  1.0000
    64   biomsd    7.4311e+00 5.9912e-01   0.3159  0.0031  0.0033  0.0035  0.0038  0.0041  0.0046  0.0053  0.0063  0.0083  0.0172 -0.0188 -0.0454 -0.0937 -0.0463 -0.0218  0.0034  0.0138  0.0268  0.0743  0.0131 -0.0339  0.1378  0.4246  1.0000  0.6053  0.3999  0.2758  0.1752  0.0506 -0.0213 -0.1209  0.0662  0.1826  0.1120  0.0690  0.0098 -0.0364 -0.0156 -0.0116  0.0031  0.0033  0.0035  0.0038  0.0041  0.0046  0.0053  0.0063  0.0083  0.0172 -0.0188 -0.0454 -0.0937 -0.0463 -0.0218  0.0034  0.0138  0.0268  0.0743  0.0131 -0.0339  0.1378  0.4246  1.0000
    65   biomsd    7.7500e+00 6.3812e-01   0.5306  0.0053  0.0055  0.0059  0.0064  0.0070  0.0078  0.0089  0.0106  0.0140  0.0289 -0.0317 -0.0764 -0.1575 -0.0780 -0.0370  0.0050  0.0220  0.0429  0.1193  0.0050 -0.1104  0.0555  0.2495  0.6053  1.0000  0.6606  0.4556  0.2892  0.0831 -0.0364 -0.2034  0.1112  0.3067  0.1881  0.1159  0.0165 -0.0611 -0.0263 -0.0195  0.0053  0.0055  0.0059  0.0064  0.0070  0.0078  0.0089  0.0106  0.0140  0.0289 -0.0317 -0.0764 -0.1575 -0.0780 -0.0370  0.0050  0.0220  0.0429  0.1193  0.0050 -0.1104  0.0555  0.2495  0.6053  1.0000
    66   biomsd    7.4091e+00 7.3375e-01   0.3461  0.0034  0.0036  0.0038  0.0042  0.0045  0.0051  0.0058  0.0069  0.0091  0.0188 -0.0207 -0.0498 -0.1027 -0.0509 -0.0241  0.0033  0.0143  0.0280  0.0778  0.0033 -0.0718  0.0371  0.1649  0.3999  0.6606  1.0000  0.6935  0.4468  0.1537  0.0082 -0.1236  0.0757  0.2014  0.1234  0.0759  0.0109 -0.0398 -0.0171 -0.0127  0.0034  0.0036  0.0038  0.0042  0.0045  0.0051  0.0058  0.0069  0.0091  0.0188 -0.0207 -0.0498 -0.1027 -0.0509 -0.0241  0.0033  0.0143  0.0280  0.0778  0.0033 -0.0718  0.0371  0.1649  0.3999  0.6606  1.0000
    67   biomsd    7.0682e+00 7.2693e-01   0.2327  0.0023  0.0024  0.0026  0.0028  0.0031  0.0034  0.0039  0.0046  0.0061  0.0127 -0.0139 -0.0335 -0.0691 -0.0342 -0.0162  0.0022  0.0097  0.0188  0.0524  0.0024 -0.0479  0.0261  0.1139  0.2758  0.4556  0.6935  1.0000  0.6480  0.2374  0.0487 -0.0709  0.0552  0.1372  0.0840  0.0514  0.0074 -0.0267 -0.0115 -0.0085  0.0023  0.0024  0.0026  0.0028  0.0031  0.0034  0.0039  0.0046  0.0061  0.0127 -0.0139 -0.0335 -0.0691 -0.0342 -0.0162  0.0022  0.0097  0.0188  0.0524  0.0024 -0.0479  0.0261  0.1139  0.2758  0.4556  0.6935  1.0000
    68   biomsd    6.7273e+00 6.1434e-01   0.1375  0.0014  0.0014  0.0015  0.0016  0.0018  0.0020  0.0023  0.0027  0.0036  0.0075 -0.0082 -0.0198 -0.0408 -0.0202 -0.0096  0.0013  0.0057  0.0111  0.0310  0.0016 -0.0277  0.0174  0.0726  0.1752  0.2892  0.4468  0.6480  1.0000  0.3782  0.1053 -0.0202  0.0402  0.0842  0.0514  0.0310  0.0046 -0.0157 -0.0068 -0.0050  0.0014  0.0014  0.0015  0.0016  0.0018  0.0020  0.0023  0.0027  0.0036  0.0075 -0.0082 -0.0198 -0.0408 -0.0202 -0.0096  0.0013  0.0057  0.0111  0.0310  0.0016 -0.0277  0.0174  0.0726  0.1752  0.2892  0.4468  0.6480  1.0000
    69   biomsd    6.3865e+00 2.9211e-01  -0.0005 -0.0000 -0.0000 -0.0000 -0.0000 -0.0000 -0.0000 -0.0000 -0.0000 -0.0000 -0.0000  0.0000  0.0001  0.0002  0.0001  0.0001  0.0000  0.0000  0.0001  0.0001  0.0008  0.0027  0.0083  0.0219  0.0506  0.0831  0.1537  0.2374  0.3782  1.0000  0.3217  0.0914  0.0318  0.0129  0.0073  0.0026  0.0009  0.0004  0.0002  0.0001 -0.0000 -0.0000 -0.0000 -0.0000 -0.0000 -0.0000 -0.0000 -0.0000 -0.0000 -0.0000  0.0000  0.0001  0.0002  0.0001  0.0001  0.0000  0.0000  0.0001  0.0001  0.0008  0.0027  0.0083  0.0219  0.0506  0.0831  0.1537  0.2374  0.3782  1.0000
    70   biomsd    6.0825e+00 4.9620e-01  -0.1192 -0.0012 -0.0012 -0.0013 -0.0014 -0.0016 -0.0017 -0.0020 -0.0024 -0.0031 -0.0065  0.0071  0.0172  0.0354  0.0176  0.0083 -0.0011 -0.0048 -0.0094 -0.0262  0.0007  0.0305  0.0063 -0.0066 -0.0213 -0.0364  0.0082  0.0487  0.1053  0.3217  1.0000  0.3267  0.0735 -0.0282 -0.0191 -0.0176 -0.0009  0.0147  0.0063  0.0047 -0.0012 -0.0012 -0.0013 -0.0014 -0.0016 -0.0017 -0.0020 -0.0024 -0.0031 -0.0065  0.0071  0.0172  0.0354  0.0176  0.0083 -0.0011 -0.0048 -0.0094 -0.0262  0.0007  0.0305  0.0063 -0.0066 -0.0213 -0.0364  0.0082  0.0487  0.1053  0.3217  1.0000
    71   biomsd    5.7785e+00 2.9762e-01  -0.3976 -0.0039 -0.0041 -0.0044 -0.0048 -0.0052 -0.0058 -0.0066 -0.0079 -0.0105 -0.0216  0.0237  0.0573  0.1180  0.0585  0.0278 -0.0036 -0.0161 -0.0315 -0.0877  0.0015  0.0993  0.0128 -0.0434 -0.1209 -0.2034 -0.1236 -0.0709 -0.0202  0.0914  0.3267  1.0000  0.2137 -0.1070 -0.0711 -0.0614 -0.0038  0.0486  0.0209  0.0155 -0.0039 -0.0041 -0.0044 -0.0048 -0.0052 -0.0058 -0.0066 -0.0079 -0.0105 -0.0216  0.0237  0.0573  0.1180  0.0585  0.0278 -0.0036 -0.0161 -0.0315 -0.0877  0.0015  0.0993  0.0128 -0.0434 -0.1209 -0.2034 -0.1236 -0.0709 -0.0202  0.0914  0.3267  1.0000
    72   biomsd    6.6354e+00 5.4757e-01   0.2046  0.0020  0.0021  0.0023  0.0025  0.0027  0.0030  0.0034  0.0041  0.0054  0.0111 -0.0122 -0.0295 -0.0607 -0.0301 -0.0143  0.0018  0.0083  0.0162  0.0451 -0.0007 -0.0509 -0.0060  0.0241  0.0662  0.1112  0.0757  0.0552  0.0402  0.0318  0.0735  0.2137  1.0000  0.5138  0.2976  0.1268  0.0339 -0.0145 -0.0062 -0.0046  0.0020  0.0021  0.0023  0.0025  0.0027  0.0030  0.0034  0.0041  0.0054  0.0111 -0.0122 -0.0295 -0.0607 -0.0301 -0.0143  0.0018  0.0083  0.0162  0.0451 -0.0007 -0.0509 -0.0060  0.0241  0.0662  0.1112  0.0757  0.0552  0.0402  0.0318  0.0735  0.2137  1.0000
    73   biomsd    7.4922e+00 5.9460e-01   0.5759  0.0057  0.0060  0.0064  0.0069  0.0076  0.0084  0.0096  0.0115  0.0152  0.0313 -0.0344 -0.0829 -0.1710 -0.0848 -0.0403  0.0052  0.0233  0.0456  0.1271 -0.0021 -0.1435 -0.0174  0.0661  0.1826  0.3067  0.2014  0.1372  0.0842  0.0129 -0.0282 -0.1070  0.5138  1.0000  0.5837  0.2642  0.0643 -0.0510 -0.0219 -0.0163  0.0057  0.0060  0.0064  0.0069  0.0076  0.0084  0.0096  0.0115  0.0152  0.0313 -0.0344 -0.0829 -0.1710 -0.0848 -0.0403  0.0052  0.0233  0.0456  0.1271 -0.0021 -0.1435 -0.0174  0.0661  0.1826  0.3067  0.2014  0.1372  0.0842  0.0129 -0.0282 -0.1070  0.5138  1.0000
    74   biomsd    7.4542e+00 5.7734e-01   0.3533  0.0035  0.0037  0.0039  0.0042  0.0046  0.0052  0.0059  0.0070  0.0093  0.0192 -0.0211 -0.0509 -0.1049 -0.0520 -0.0247  0.0032  0.0143  0.0280  0.0780 -0.0013 -0.0880 -0.0107  0.0405  0.1120  0.1881  0.1234  0.0840  0.0514  0.0073 -0.0191 -0.0711  0.2976  0.5837  1.0000  0.3962  0.1179 -0.0054 -0.0023 -0.0017  0.0035  0.0037  0.0039  0.0042  0.0046  0.0052  0.0059  0.0070  0.0093  0.0192 -0.0211 -0.0509 -0.1049 -0.0520 -0.0247  0.0032  0.0143  0.0280  0.0780 -0.0013 -0.0880 -0.0107  0.0405  0.1120  0.1881  0.1234  0.0840  0.0514  0.0073 -0.0191 -0.0711  0.2976  0.5837  1.0000
    75   biomsd    7.4162e+00 3.0035e-01   0.2180  0.0022  0.0023  0.0024  0.0026  0.0029  0.0032  0.0036  0.0043  0.0057  0.0119 -0.0130 -0.0314 -0.0647 -0.0321 -0.0152  0.0020  0.0088  0.0173  0.0481 -0.0008 -0.0543 -0.0066  0.0250  0.0690  0.1159  0.0759  0.0514  0.0310  0.0026 -0.0176 -0.0614  0.1268  0.2642  0.3962  1.0000  0.3261  0.0803  0.0345  0.0256  0.0022  0.0023  0.0024  0.0026  0.0029  0.0032  0.0036  0.0043  0.0057  0.0119 -0.0130 -0.0314 -0.0647 -0.0321 -0.0152  0.0020  0.0088  0.0173  0.0481 -0.0008 -0.0543 -0.0066  0.0250  0.0690  0.1159  0.0759  0.0514  0.0310  0.0026 -0.0176 -0.0614  0.1268  0.2642  0.3962  1.0000
    76   biomsd    7.1503e+00 4.9750e-01   0.0310  0.0003  0.0003  0.0003  0.0004  0.0004  0.0005  0.0005  0.0006  0.0008  0.0017 -0.0018 -0.0045 -0.0092 -0.0046 -0.0022  0.0003  0.0013  0.0025  0.0068 -0.0001 -0.0077 -0.0009  0.0036  0.0098  0.0165  0.0109  0.0074  0.0046  0.0009 -0.0009 -0.0038  0.0339  0.0643  0.1179  0.3261  1.0000  0.3261  0.1402  0.1041  0.0003  0.0003  0.0003  0.0004  0.0004  0.0005  0.0005  0.0006  0.0008  0.0017 -0.0018 -0.0045 -0.0092 -0.0046 -0.0022  0.0003  0.0013  0.0025  0.0068 -0.0001 -0.0077 -0.0009  0.0036  0.0098  0.0165  0.0109  0.0074  0.0046  0.0009 -0.0009 -0.0038  0.0339  0.0643  0.1179  0.3261  1.0000
    77   biomsd    6.8844e+00 3.0036e-01  -0.1152 -0.0011 -0.0012 -0.0013 -0.0014 -0.0015 -0.0017 -0.0019 -0.0023 -0.0030 -0.0063  0.0069  0.0166  0.0342  0.0170  0.0081 -0.0010 -0.0047 -0.0091 -0.0254  0.0004  0.0287  0.0035 -0.0131 -0.0364 -0.0611 -0.0398 -0.0267 -0.0157  0.0004  0.0147  0.0486 -0.0145 -0.0510 -0.0054  0.0803  0.3261  1.0000  0.4301  0.3192 -0.0011 -0.0012 -0.0013 -0.0014 -0.0015 -0.0017 -0.0019 -0.0023 -0.0030 -0.0063  0.0069  0.0166  0.0342  0.0170  0.0081 -0.0010 -0.0047 -0.0091 -0.0254  0.0004  0.0287  0.0035 -0.0131 -0.0364 -0.0611 -0.0398 -0.0267 -0.0157  0.0004  0.0147  0.0486 -0.0145 -0.0510 -0.0054  0.0803  0.3261  1.0000
    78   biomsd    6.8844e+00 6.9841e-01  -0.0495 -0.0005 -0.0005 -0.0005 -0.0006 -0.0006 -0.0007 -0.0008 -0.0010 -0.0013 -0.0027  0.0030  0.0071  0.0147  0.0073  0.0035 -0.0004 -0.0020 -0.0039 -0.0109  0.0002  0.0123  0.0015 -0.0057 -0.0156 -0.0263 -0.0171 -0.0115 -0.0068  0.0002  0.0063  0.0209 -0.0062 -0.0219 -0.0023  0.0345  0.1402  0.4301  1.0000  0.7423 -0.0005 -0.0005 -0.0005 -0.0006 -0.0006 -0.0007 -0.0008 -0.0010 -0.0013 -0.0027  0.0030  0.0071  0.0147  0.0073  0.0035 -0.0004 -0.0020 -0.0039 -0.0109  0.0002  0.0123  0.0015 -0.0057 -0.0156 -0.0263 -0.0171 -0.0115 -0.0068  0.0002  0.0063  0.0209 -0.0062 -0.0219 -0.0023  0.0345  0.1402  0.4301  1.0000
    79   biomsd    6.8844e+00 9.4092e-01  -0.0367 -0.0004 -0.0004 -0.0004 -0.0004 -0.0005 -0.0005 -0.0006 -0.0007 -0.0010 -0.0020  0.0022  0.0053  0.0109  0.0054  0.0026 -0.0003 -0.0015 -0.0029 -0.0081  0.0001  0.0092  0.0011 -0.0042 -0.0116 -0.0195 -0.0127 -0.0085 -0.0050  0.0001  0.0047  0.0155 -0.0046 -0.0163 -0.0017  0.0256  0.1041  0.3192  0.7423  1.0000 -0.0004 -0.0004 -0.0004 -0.0004 -0.0005 -0.0005 -0.0006 -0.0007 -0.0010 -0.0020  0.0022  0.0053  0.0109  0.0054  0.0026 -0.0003 -0.0015 -0.0029 -0.0081  0.0001  0.0092  0.0011 -0.0042 -0.0116 -0.0195 -0.0127 -0.0085 -0.0050  0.0001  0.0047  0.0155 -0.0046 -0.0163 -0.0017  0.0256  0.1041  0.3192  0.7423  1.0000
    80   biomA     4.6835e+02 9.0095e+02   0.0099  1.0000  0.9448  0.8861  0.8232  0.7552  0.6803  0.5962  0.4980  0.3749  0.1819  0.0768  0.0444  0.0203  0.0114  0.0075  0.0046  0.0029  0.0022  0.0027  0.0001 -0.0024 -0.0003  0.0011  0.0031  0.0053  0.0034  0.0023  0.0014 -0.0000 -0.0012 -0.0039  0.0020  0.0057  0.0035  0.0022  0.0003 -0.0011 -0.0005 -0.0004  1.0000  0.9448  0.8861  0.8232  0.7552  0.6803  0.5962  0.4980  0.3749  0.1819  0.0768  0.0444  0.0203  0.0114  0.0075  0.0046  0.0029  0.0022  0.0027  0.0001 -0.0024 -0.0003  0.0011  0.0031  0.0053  0.0034  0.0023  0.0014 -0.0000 -0.0012 -0.0039  0.0020  0.0057  0.0035  0.0022  0.0003 -0.0011 -0.0005 -0.0004  1.0000
    81   biomA     4.6835e+02 8.5118e+02   0.0104  0.9448  1.0000  0.9379  0.8714  0.7993  0.7201  0.6310  0.5271  0.3968  0.1926  0.0813  0.0470  0.0215  0.0121  0.0079  0.0049  0.0030  0.0024  0.0029  0.0002 -0.0025 -0.0003  0.0012  0.0033  0.0055  0.0036  0.0024  0.0014 -0.0000 -0.0012 -0.0041  0.0021  0.0060  0.0037  0.0023  0.0003 -0.0012 -0.0005 -0.0004  0.9448  1.0000  0.9379  0.8714  0.7993  0.7201  0.6310  0.5271  0.3968  0.1926  0.0813  0.0470  0.0215  0.0121  0.0079  0.0049  0.0030  0.0024  0.0029  0.0002 -0.0025 -0.0003  0.0012  0.0033  0.0055  0.0036  0.0024  0.0014 -0.0000 -0.0012 -0.0041  0.0021  0.0060  0.0037  0.0023  0.0003 -0.0012 -0.0005 -0.0004  0.9448  1.0000
    82   biomA     4.6835e+02 7.9831e+02   0.0111  0.8861  0.9379  1.0000  0.9291  0.8522  0.7678  0.6728  0.5620  0.4231  0.2053  0.0867  0.0501  0.0230  0.0129  0.0084  0.0052  0.0032  0.0025  0.0031  0.0002 -0.0027 -0.0003  0.0013  0.0035  0.0059  0.0038  0.0026  0.0015 -0.0000 -0.0013 -0.0044  0.0023  0.0064  0.0039  0.0024  0.0003 -0.0013 -0.0005 -0.0004  0.8861  0.9379  1.0000  0.9291  0.8522  0.7678  0.6728  0.5620  0.4231  0.2053  0.0867  0.0501  0.0230  0.0129  0.0084  0.0052  0.0032  0.0025  0.0031  0.0002 -0.0027 -0.0003  0.0013  0.0035  0.0059  0.0038  0.0026  0.0015 -0.0000 -0.0013 -0.0044  0.0023  0.0064  0.0039  0.0024  0.0003 -0.0013 -0.0005 -0.0004  0.8861  0.9379  1.0000
    83   biomA     4.6835e+02 7.4168e+02   0.0120  0.8232  0.8714  0.9291  1.0000  0.9173  0.8264  0.7242  0.6049  0.4554  0.2210  0.0933  0.0539  0.0247  0.0139  0.0091  0.0056  0.0035  0.0027  0.0033  0.0002 -0.0029 -0.0003  0.0014  0.0038  0.0064  0.0042  0.0028  0.0016 -0.0000 -0.0014 -0.0048  0.0025  0.0069  0.0042  0.0026  0.0004 -0.0014 -0.0006 -0.0004  0.8232  0.8714  0.9291  1.0000  0.9173  0.8264  0.7242  0.6049  0.4554  0.2210  0.0933  0.0539  0.0247  0.0139  0.0091  0.0056  0.0035  0.0027  0.0033  0.0002 -0.0029 -0.0003  0.0014  0.0038  0.0064  0.0042  0.0028  0.0016 -0.0000 -0.0014 -0.0048  0.0025  0.0069  0.0042  0.0026  0.0004 -0.0014 -0.0006 -0.0004  0.8232  0.8714  0.9291  1.0000
    84   biomA     4.6835e+02 6.8036e+02   0.0131  0.7552  0.7993  0.8522  0.9173  1.0000  0.9009  0.7894  0.6594  0.4964  0.2409  0.1018  0.0588  0.0269  0.0151  0.0099  0.0061  0.0038  0.0030  0.0036  0.0002 -0.0032 -0.0004  0.0015  0.0041  0.0070  0.0045  0.0031  0.0018 -0.0000 -0.0016 -0.0052  0.0027  0.0076  0.0046  0.0029  0.0004 -0.0015 -0.0006 -0.0005  0.7552  0.7993  0.8522  0.9173  1.0000  0.9009  0.7894  0.6594  0.4964  0.2409  0.1018  0.0588  0.0269  0.0151  0.0099  0.0061  0.0038  0.0030  0.0036  0.0002 -0.0032 -0.0004  0.0015  0.0041  0.0070  0.0045  0.0031  0.0018 -0.0000 -0.0016 -0.0052  0.0027  0.0076  0.0046  0.0029  0.0004 -0.0015 -0.0006 -0.0005  0.7552  0.7993  0.8522  0.9173  1.0000
    85   biomA     4.6835e+02 6.1293e+02   0.0146  0.6803  0.7201  0.7678  0.8264  0.9009  1.0000  0.8763  0.7320  0.5510  0.2674  0.1129  0.0652  0.0298  0.0168  0.0110  0.0068  0.0042  0.0033  0.0040  0.0002 -0.0036 -0.0004  0.0017  0.0046  0.0078  0.0051  0.0034  0.0020 -0.0000 -0.0017 -0.0058  0.0030  0.0084  0.0052  0.0032  0.0005 -0.0017 -0.0007 -0.0005  0.6803  0.7201  0.7678  0.8264  0.9009  1.0000  0.8763  0.7320  0.5510  0.2674  0.1129  0.0652  0.0298  0.0168  0.0110  0.0068  0.0042  0.0033  0.0040  0.0002 -0.0036 -0.0004  0.0017  0.0046  0.0078  0.0051  0.0034  0.0020 -0.0000 -0.0017 -0.0058  0.0030  0.0084  0.0052  0.0032  0.0005 -0.0017 -0.0007 -0.0005  0.6803  0.7201  0.7678  0.8264  0.9009  1.0000
    86   biomA     4.6835e+02 5.3710e+02   0.0167  0.5962  0.6310  0.6728  0.7242  0.7894  0.8763  1.0000  0.8353  0.6288  0.3052  0.1289  0.0745  0.0340  0.0191  0.0125  0.0078  0.0048  0.0038  0.0046  0.0002 -0.0041 -0.0005  0.0019  0.0053  0.0089  0.0058  0.0039  0.0023 -0.0000 -0.0020 -0.0066  0.0034  0.0096  0.0059  0.0036  0.0005 -0.0019 -0.0008 -0.0006  0.5962  0.6310  0.6728  0.7242  0.7894  0.8763  1.0000  0.8353  0.6288  0.3052  0.1289  0.0745  0.0340  0.0191  0.0125  0.0078  0.0048  0.0038  0.0046  0.0002 -0.0041 -0.0005  0.0019  0.0053  0.0089  0.0058  0.0039  0.0023 -0.0000 -0.0020 -0.0066  0.0034  0.0096  0.0059  0.0036  0.0005 -0.0019 -0.0008 -0.0006  0.5962  0.6310  0.6728  0.7242  0.7894  0.8763  1.0000
    87   biomA     4.6835e+02 4.4864e+02   0.0199  0.4980  0.5271  0.5620  0.6049  0.6594  0.7320  0.8353  1.0000  0.7528  0.3653  0.1543  0.0891  0.0408  0.0229  0.0150  0.0093  0.0058  0.0045  0.0055  0.0003 -0.0049 -0.0006  0.0023  0.0063  0.0106  0.0069  0.0046  0.0027 -0.0000 -0.0024 -0.0079  0.0041  0.0115  0.0070  0.0043  0.0006 -0.0023 -0.0010 -0.0007  0.4980  0.5271  0.5620  0.6049  0.6594  0.7320  0.8353  1.0000  0.7528  0.3653  0.1543  0.0891  0.0408  0.0229  0.0150  0.0093  0.0058  0.0045  0.0055  0.0003 -0.0049 -0.0006  0.0023  0.0063  0.0106  0.0069  0.0046  0.0027 -0.0000 -0.0024 -0.0079  0.0041  0.0115  0.0070  0.0043  0.0006 -0.0023 -0.0010 -0.0007  0.4980  0.5271  0.5620  0.6049  0.6594  0.7320  0.8353  1.0000
    88   biomA     4.6835e+02 3.3774e+02   0.0263  0.3749  0.3968  0.4231  0.4554  0.4964  0.5510  0.6288  0.7528  1.0000  0.4853  0.2050  0.1184  0.0542  0.0305  0.0199  0.0123  0.0077  0.0060  0.0072  0.0004 -0.0064 -0.0008  0.0030  0.0083  0.0140  0.0091  0.0061  0.0036 -0.0000 -0.0031 -0.0105  0.0054  0.0152  0.0093  0.0057  0.0008 -0.0030 -0.0013 -0.0010  0.3749  0.3968  0.4231  0.4554  0.4964  0.5510  0.6288  0.7528  1.0000  0.4853  0.2050  0.1184  0.0542  0.0305  0.0199  0.0123  0.0077  0.0060  0.0072  0.0004 -0.0064 -0.0008  0.0030  0.0083  0.0140  0.0091  0.0061  0.0036 -0.0000 -0.0031 -0.0105  0.0054  0.0152  0.0093  0.0057  0.0008 -0.0030 -0.0013 -0.0010  0.3749  0.3968  0.4231  0.4554  0.4964  0.5510  0.6288  0.7528  1.0000
    89   biomA     4.6835e+02 1.6390e+02   0.0544  0.1819  0.1926  0.2053  0.2210  0.2409  0.2674  0.3052  0.3653  0.4853  1.0000  0.4224  0.2440  0.1117  0.0628  0.0410  0.0254  0.0158  0.0123  0.0149  0.0008 -0.0133 -0.0016  0.0062  0.0172  0.0289  0.0188  0.0127  0.0075 -0.0000 -0.0065 -0.0216  0.0111  0.0313  0.0192  0.0119  0.0017 -0.0063 -0.0027 -0.0020  0.1819  0.1926  0.2053  0.2210  0.2409  0.2674  0.3052  0.3653  0.4853  1.0000  0.4224  0.2440  0.1117  0.0628  0.0410  0.0254  0.0158  0.0123  0.0149  0.0008 -0.0133 -0.0016  0.0062  0.0172  0.0289  0.0188  0.0127  0.0075 -0.0000 -0.0065 -0.0216  0.0111  0.0313  0.0192  0.0119  0.0017 -0.0063 -0.0027 -0.0020  0.1819  0.1926  0.2053  0.2210  0.2409  0.2674  0.3052  0.3653  0.4853  1.0000
    90   biomA     4.0044e+02 2.3839e+02  -0.0597  0.0768  0.0813  0.0867  0.0933  0.1018  0.1129  0.1289  0.1543  0.2050  0.4224  1.0000  0.5982  0.3170  0.1745  0.1091  0.0578  0.0294  0.0141 -0.0063  0.0025  0.0156  0.0020 -0.0067 -0.0188 -0.0317 -0.0207 -0.0139 -0.0082  0.0000  0.0071  0.0237 -0.0122 -0.0344 -0.0211 -0.0130 -0.0018  0.0069  0.0030  0.0022  0.0768  0.0813  0.0867  0.0933  0.1018  0.1129  0.1289  0.1543  0.2050  0.4224  1.0000  0.5982  0.3170  0.1745  0.1091  0.0578  0.0294  0.0141 -0.0063  0.0025  0.0156  0.0020 -0.0067 -0.0188 -0.0317 -0.0207 -0.0139 -0.0082  0.0000  0.0071  0.0237 -0.0122 -0.0344 -0.0211 -0.0130 -0.0018  0.0069  0.0030  0.0022  0.0768  0.0813  0.0867  0.0933  0.1018  0.1129  0.1289  0.1543  0.2050  0.4224  1.0000
    91   biomA     3.4237e+02 2.1462e+02  -0.1440  0.0444  0.0470  0.0501  0.0539  0.0588  0.0652  0.0745  0.0891  0.1184  0.2440  0.5982  1.0000  0.5398  0.2964  0.1843  0.0956  0.0470  0.0199 -0.0203  0.0044  0.0370  0.0048 -0.0163 -0.0454 -0.0764 -0.0498 -0.0335 -0.0198  0.0001  0.0172  0.0573 -0.0295 -0.0829 -0.0509 -0.0314 -0.0045  0.0166  0.0071  0.0053  0.0444  0.0470  0.0501  0.0539  0.0588  0.0652  0.0745  0.0891  0.1184  0.2440  0.5982  1.0000  0.5398  0.2964  0.1843  0.0956  0.0470  0.0199 -0.0203  0.0044  0.0370  0.0048 -0.0163 -0.0454 -0.0764 -0.0498 -0.0335 -0.0198  0.0001  0.0172  0.0573 -0.0295 -0.0829 -0.0509 -0.0314 -0.0045  0.0166  0.0071  0.0053  0.0444  0.0470  0.0501  0.0539  0.0588  0.0652  0.0745  0.0891  0.1184  0.2440  0.5982  1.0000
    92   biomA     2.9273e+02 1.4285e+02  -0.2969  0.0203  0.0215  0.0230  0.0247  0.0269  0.0298  0.0340  0.0408  0.0542  0.1117  0.3170  0.5398  1.0000  0.5486  0.3405  0.1751  0.0849  0.0338 -0.0445  0.0082  0.0761  0.0097 -0.0337 -0.0937 -0.1575 -0.1027 -0.0691 -0.0408  0.0002  0.0354  0.1180 -0.0607 -0.1710 -0.1049 -0.0647 -0.0092  0.0342  0.0147  0.0109  0.0203  0.0215  0.0230  0.0247  0.0269  0.0298  0.0340  0.0408  0.0542  0.1117  0.3170  0.5398  1.0000  0.5486  0.3405  0.1751  0.0849  0.0338 -0.0445  0.0082  0.0761  0.0097 -0.0337 -0.0937 -0.1575 -0.1027 -0.0691 -0.0408  0.0002  0.0354  0.1180 -0.0607 -0.1710 -0.1049 -0.0647 -0.0092  0.0342  0.0147  0.0109  0.0203  0.0215  0.0230  0.0247  0.0269  0.0298  0.0340  0.0408  0.0542  0.1117  0.3170  0.5398  1.0000
    93   biomA     3.7495e+02 2.4203e+02  -0.1472  0.0114  0.0121  0.0129  0.0139  0.0151  0.0168  0.0191  0.0229  0.0305  0.0628  0.1745  0.2964  0.5486  1.0000  0.6298  0.3431  0.1817  0.0995  0.0082  0.0143  0.0408  0.0058 -0.0163 -0.0463 -0.0780 -0.0509 -0.0342 -0.0202  0.0001  0.0176  0.0585 -0.0301 -0.0848 -0.0520 -0.0321 -0.0046  0.0170  0.0073  0.0054  0.0114  0.0121  0.0129  0.0139  0.0151  0.0168  0.0191  0.0229  0.0305  0.0628  0.1745  0.2964  0.5486  1.0000  0.6298  0.3431  0.1817  0.0995  0.0082  0.0143  0.0408  0.0058 -0.0163 -0.0463 -0.0780 -0.0509 -0.0342 -0.0202  0.0001  0.0176  0.0585 -0.0301 -0.0848 -0.0520 -0.0321 -0.0046  0.0170  0.0073  0.0054  0.0114  0.0121  0.0129  0.0139  0.0151  0.0168  0.0191  0.0229  0.0305  0.0628  0.1745  0.2964  0.5486  1.0000
