 The logarithm of the determinant of the hessian = 2.14126
 index   name       value      std.dev       1       2       3       4       5       6       7       8       9      10      11      12      13      14      15      16      17      18      19      20      21      22      23      24      25      26      27      28      29      30      31      32      33      34      35      36      37      38      39      40      41      42      43      44      45      46      47      48      49      50      51      52      53      54      55      56      57   
     1   logSdLam -6.8518e-01 3.4279e-01   1.0000
     2   biom      6.1383e+00 3.4331e-01   0.0410  1.0000
     3   biom      6.0175e+00 5.0692e-01  -0.0829  0.5015  1.0000
     4   biom      5.8966e+00 5.3742e-01  -0.1824  0.3072  0.6341  1.0000
     5   biom      5.7758e+00 4.6198e-01  -0.3334  0.1645  0.3781  0.6081  1.0000
     6   biom      5.9911e+00 5.5592e-01  -0.1869  0.1037  0.2345  0.3761  0.6178  1.0000
     7   biom      6.2064e+00 5.5416e-01  -0.0971  0.0709  0.1553  0.2477  0.4059  0.6671  1.0000
     8   biom      6.4216e+00 4.5561e-01  -0.0082  0.0459  0.0917  0.1436  0.2336  0.4026  0.6130  1.0000
     9   biom      6.6067e+00 5.2994e-01   0.0437  0.0297  0.0513  0.0778  0.1247  0.2337  0.3650  0.6028  1.0000
    10   biom      6.7918e+00 4.9088e-01   0.1019  0.0215  0.0256  0.0346  0.0524  0.1310  0.2192  0.3733  0.6236  1.0000
    11   biom      6.9768e+00 2.9656e-01   0.2591  0.0181 -0.0068 -0.0244 -0.0492  0.0161  0.0733  0.1587  0.2775  0.4519  1.0000
    12   biom      6.7402e+00 4.1295e-01   0.0008  0.0031  0.0059  0.0092  0.0149  0.0261  0.0401  0.0656  0.1085  0.1735  0.3804  1.0000
    13   biom      6.5036e+00 2.7545e-01  -0.2762 -0.0102  0.0250  0.0537  0.0975  0.0610  0.0411  0.0257  0.0266  0.0337  0.0641  0.3565  1.0000
    14   biom      6.7913e+00 4.2320e-01  -0.0157 -0.0002  0.0021  0.0042  0.0073  0.0066  0.0072  0.0093  0.0145  0.0227  0.0493  0.1403  0.3677  1.0000
    15   biom      7.0791e+00 3.3613e-01   0.1868  0.0078 -0.0151 -0.0335 -0.0613 -0.0333 -0.0157  0.0025  0.0148  0.0296  0.0716  0.0612  0.1064  0.4318  1.0000
    16   biom      7.3078e+00 5.2303e-01   0.3683  0.0152 -0.0304 -0.0669 -0.1224 -0.0681 -0.0346 -0.0012  0.0191  0.0424  0.1060  0.0283 -0.0294  0.1934  0.5110  1.0000
    17   biom      7.5365e+00 5.8315e-01   0.5531  0.0227 -0.0457 -0.1007 -0.1842 -0.1030 -0.0531 -0.0035  0.0258  0.0589  0.1490  0.0154 -0.1140  0.0980  0.3402  0.6668  1.0000
    18   biom      7.2490e+00 6.2725e-01   0.3853  0.0158 -0.0319 -0.0702 -0.1283 -0.0717 -0.0370 -0.0025  0.0180  0.0411  0.1039  0.0110 -0.0787  0.0703  0.2414  0.4731  0.7095  1.0000
    19   biom      6.9616e+00 6.0650e-01   0.2651  0.0109 -0.0219 -0.0483 -0.0883 -0.0494 -0.0254 -0.0017  0.0124  0.0283  0.0716  0.0080 -0.0531  0.0511  0.1722  0.3374  0.5061  0.7187  1.0000
    20   biom      6.6741e+00 5.1313e-01   0.1558  0.0064 -0.0129 -0.0284 -0.0519 -0.0290 -0.0149 -0.0009  0.0074  0.0168  0.0423  0.0054 -0.0295  0.0349  0.1120  0.2194  0.3290  0.4766  0.6695  1.0000
    21   biom      6.3867e+00 2.8252e-01  -0.0033 -0.0001  0.0003  0.0006  0.0011  0.0007  0.0004  0.0002  0.0001  0.0001  0.0001  0.0024  0.0071  0.0171  0.0371  0.0726  0.1088  0.1885  0.2852  0.4439  1.0000
    22   biom      6.1233e+00 4.1748e-01  -0.1620 -0.0066  0.0134  0.0296  0.0540  0.0303  0.0158  0.0014 -0.0070 -0.0163 -0.0416  0.0008  0.0471  0.0091 -0.0158 -0.0313 -0.0471  0.0104  0.0669  0.1454  0.3844  1.0000
    23   biom      5.8599e+00 2.9636e-01  -0.4536 -0.0186  0.0376  0.0827  0.1513  0.0848  0.0441  0.0037 -0.0198 -0.0462 -0.1174 -0.0001  0.1261  0.0093 -0.0799 -0.1576 -0.2367 -0.1504 -0.0836 -0.0137  0.1297  0.3988  1.0000
    24   biom      6.5734e+00 4.5793e-01   0.1738  0.0071 -0.0144 -0.0317 -0.0579 -0.0325 -0.0169 -0.0014  0.0076  0.0177  0.0451  0.0003 -0.0477 -0.0018  0.0346  0.0681  0.1023  0.0776  0.0621  0.0520  0.0555  0.1141  0.2684  1.0000
    25   biom      7.2868e+00 5.2266e-01   0.5620  0.0230 -0.0466 -0.1025 -0.1874 -0.1051 -0.0546 -0.0046  0.0246  0.0573  0.1456  0.0005 -0.1551 -0.0084  0.1059  0.2089  0.3137  0.2214  0.1563  0.0989  0.0237 -0.0263 -0.0968  0.5392  1.0000
    26   biom      7.3263e+00 4.9444e-01   0.3890  0.0159 -0.0322 -0.0709 -0.1297 -0.0727 -0.0378 -0.0032  0.0170  0.0396  0.1008  0.0004 -0.1074 -0.0058  0.0732  0.1444  0.2168  0.1528  0.1075  0.0675  0.0142 -0.0237 -0.0804  0.3357  0.6340  1.0000
    27   biom      7.3658e+00 2.9648e-01   0.3064  0.0126 -0.0254 -0.0559 -0.1022 -0.0573 -0.0297 -0.0025  0.0134  0.0312  0.0794  0.0003 -0.0846 -0.0047  0.0575  0.1134  0.1702  0.1193  0.0831  0.0507  0.0057 -0.0327 -0.0975  0.1690  0.3516  0.4856  1.0000
    28   biom      7.1367e+00 4.1872e-01   0.0649  0.0027 -0.0054 -0.0118 -0.0217 -0.0121 -0.0063 -0.0005  0.0028  0.0066  0.0168  0.0001 -0.0179 -0.0010  0.0122  0.0241  0.0362  0.0255  0.0180  0.0113  0.0025 -0.0035 -0.0124  0.0589  0.1103  0.1761  0.3930  1.0000
    29   biom      6.9075e+00 2.9364e-01  -0.1240 -0.0051  0.0103  0.0226  0.0413  0.0232  0.0120  0.0010 -0.0054 -0.0126 -0.0321 -0.0001  0.0343  0.0020 -0.0231 -0.0456 -0.0685 -0.0476 -0.0326 -0.0188  0.0015  0.0229  0.0631 -0.0025 -0.0402  0.0121  0.1112  0.3900  1.0000
    30   biomsd    6.1383e+00 3.4331e-01   0.0410  1.0000  0.5015  0.3072  0.1645  0.1037  0.0709  0.0459  0.0297  0.0215  0.0181  0.0031 -0.0102 -0.0002  0.0078  0.0152  0.0227  0.0158  0.0109  0.0064 -0.0001 -0.0066 -0.0186  0.0071  0.0230  0.0159  0.0126  0.0027 -0.0051  1.0000
    31   biomsd    6.0175e+00 5.0692e-01  -0.0829  0.5015  1.0000  0.6341  0.3781  0.2345  0.1553  0.0917  0.0513  0.0256 -0.0068  0.0059  0.0250  0.0021 -0.0151 -0.0304 -0.0457 -0.0319 -0.0219 -0.0129  0.0003  0.0134  0.0376 -0.0144 -0.0466 -0.0322 -0.0254 -0.0054  0.0103  0.5015  1.0000
    32   biomsd    5.8966e+00 5.3742e-01  -0.1824  0.3072  0.6341  1.0000  0.6081  0.3761  0.2477  0.1436  0.0778  0.0346 -0.0244  0.0092  0.0537  0.0042 -0.0335 -0.0669 -0.1007 -0.0702 -0.0483 -0.0284  0.0006  0.0296  0.0827 -0.0317 -0.1025 -0.0709 -0.0559 -0.0118  0.0226  0.3072  0.6341  1.0000
    33   biomsd    5.7758e+00 4.6198e-01  -0.3334  0.1645  0.3781  0.6081  1.0000  0.6178  0.4059  0.2336  0.1247  0.0524 -0.0492  0.0149  0.0975  0.0073 -0.0613 -0.1224 -0.1842 -0.1283 -0.0883 -0.0519  0.0011  0.0540  0.1513 -0.0579 -0.1874 -0.1297 -0.1022 -0.0217  0.0413  0.1645  0.3781  0.6081  1.0000
    34   biomsd    5.9911e+00 5.5592e-01  -0.1869  0.1037  0.2345  0.3761  0.6178  1.0000  0.6671  0.4026  0.2337  0.1310  0.0161  0.0261  0.0610  0.0066 -0.0333 -0.0681 -0.1030 -0.0717 -0.0494 -0.0290  0.0007  0.0303  0.0848 -0.0325 -0.1051 -0.0727 -0.0573 -0.0121  0.0232  0.1037  0.2345  0.3761  0.6178  1.0000
    35   biomsd    6.2064e+00 5.5416e-01  -0.0971  0.0709  0.1553  0.2477  0.4059  0.6671  1.0000  0.6130  0.3650  0.2192  0.0733  0.0401  0.0411  0.0072 -0.0157 -0.0346 -0.0531 -0.0370 -0.0254 -0.0149  0.0004  0.0158  0.0441 -0.0169 -0.0546 -0.0378 -0.0297 -0.0063  0.0120  0.0709  0.1553  0.2477  0.4059  0.6671  1.0000
    36   biomsd    6.4216e+00 4.5561e-01  -0.0082  0.0459  0.0917  0.1436  0.2336  0.4026  0.6130  1.0000  0.6028  0.3733  0.1587  0.0656  0.0257  0.0093  0.0025 -0.0012 -0.0035 -0.0025 -0.0017 -0.0009  0.0002  0.0014  0.0037 -0.0014 -0.0046 -0.0032 -0.0025 -0.0005  0.0010  0.0459  0.0917  0.1436  0.2336  0.4026  0.6130  1.0000
    37   biomsd    6.6067e+00 5.2994e-01   0.0437  0.0297  0.0513  0.0778  0.1247  0.2337  0.3650  0.6028  1.0000  0.6236  0.2775  0.1085  0.0266  0.0145  0.0148  0.0191  0.0258  0.0180  0.0124  0.0074  0.0001 -0.0070 -0.0198  0.0076  0.0246  0.0170  0.0134  0.0028 -0.0054  0.0297  0.0513  0.0778  0.1247  0.2337  0.3650  0.6028  1.0000
    38   biomsd    6.7918e+00 4.9088e-01   0.1019  0.0215  0.0256  0.0346  0.0524  0.1310  0.2192  0.3733  0.6236  1.0000  0.4519  0.1735  0.0337  0.0227  0.0296  0.0424  0.0589  0.0411  0.0283  0.0168  0.0001 -0.0163 -0.0462  0.0177  0.0573  0.0396  0.0312  0.0066 -0.0126  0.0215  0.0256  0.0346  0.0524  0.1310  0.2192  0.3733  0.6236  1.0000
    39   biomsd    6.9768e+00 2.9656e-01   0.2591  0.0181 -0.0068 -0.0244 -0.0492  0.0161  0.0733  0.1587  0.2775  0.4519  1.0000  0.3804  0.0641  0.0493  0.0716  0.1060  0.1490  0.1039  0.0716  0.0423  0.0001 -0.0416 -0.1174  0.0451  0.1456  0.1008  0.0794  0.0168 -0.0321  0.0181 -0.0068 -0.0244 -0.0492  0.0161  0.0733  0.1587  0.2775  0.4519  1.0000
    40   biomsd    6.7402e+00 4.1295e-01   0.0008  0.0031  0.0059  0.0092  0.0149  0.0261  0.0401  0.0656  0.1085  0.1735  0.3804  1.0000  0.3565  0.1403  0.0612  0.0283  0.0154  0.0110  0.0080  0.0054  0.0024  0.0008 -0.0001  0.0003  0.0005  0.0004  0.0003  0.0001 -0.0001  0.0031  0.0059  0.0092  0.0149  0.0261  0.0401  0.0656  0.1085  0.1735  0.3804  1.0000
    41   biomsd    6.5036e+00 2.7545e-01  -0.2762 -0.0102  0.0250  0.0537  0.0975  0.0610  0.0411  0.0257  0.0266  0.0337  0.0641  0.3565  1.0000  0.3677  0.1064 -0.0294 -0.1140 -0.0787 -0.0531 -0.0295  0.0071  0.0471  0.1261 -0.0477 -0.1551 -0.1074 -0.0846 -0.0179  0.0343 -0.0102  0.0250  0.0537  0.0975  0.0610  0.0411  0.0257  0.0266  0.0337  0.0641  0.3565  1.0000
    42   biomsd    6.7913e+00 4.2320e-01  -0.0157 -0.0002  0.0021  0.0042  0.0073  0.0066  0.0072  0.0093  0.0145  0.0227  0.0493  0.1403  0.3677  1.0000  0.4318  0.1934  0.0980  0.0703  0.0511  0.0349  0.0171  0.0091  0.0093 -0.0018 -0.0084 -0.0058 -0.0047 -0.0010  0.0020 -0.0002  0.0021  0.0042  0.0073  0.0066  0.0072  0.0093  0.0145  0.0227  0.0493  0.1403  0.3677  1.0000
    43   biomsd    7.0791e+00 3.3613e-01   0.1868  0.0078 -0.0151 -0.0335 -0.0613 -0.0333 -0.0157  0.0025  0.0148  0.0296  0.0716  0.0612  0.1064  0.4318  1.0000  0.5110  0.3402  0.2414  0.1722  0.1120  0.0371 -0.0158 -0.0799  0.0346  0.1059  0.0732  0.0575  0.0122 -0.0231  0.0078 -0.0151 -0.0335 -0.0613 -0.0333 -0.0157  0.0025  0.0148  0.0296  0.0716  0.0612  0.1064  0.4318  1.0000
    44   biomsd    7.3078e+00 5.2303e-01   0.3683  0.0152 -0.0304 -0.0669 -0.1224 -0.0681 -0.0346 -0.0012  0.0191  0.0424  0.1060  0.0283 -0.0294  0.1934  0.5110  1.0000  0.6668  0.4731  0.3374  0.2194  0.0726 -0.0313 -0.1576  0.0681  0.2089  0.1444  0.1134  0.0241 -0.0456  0.0152 -0.0304 -0.0669 -0.1224 -0.0681 -0.0346 -0.0012  0.0191  0.0424  0.1060  0.0283 -0.0294  0.1934  0.5110  1.0000
    45   biomsd    7.5365e+00 5.8315e-01   0.5531  0.0227 -0.0457 -0.1007 -0.1842 -0.1030 -0.0531 -0.0035  0.0258  0.0589  0.1490  0.0154 -0.1140  0.0980  0.3402  0.6668  1.0000  0.7095  0.5061  0.3290  0.1088 -0.0471 -0.2367  0.1023  0.3137  0.2168  0.1702  0.0362 -0.0685  0.0227 -0.0457 -0.1007 -0.1842 -0.1030 -0.0531 -0.0035  0.0258  0.0589  0.1490  0.0154 -0.1140  0.0980  0.3402  0.6668  1.0000
    46   biomsd    7.2490e+00 6.2725e-01   0.3853  0.0158 -0.0319 -0.0702 -0.1283 -0.0717 -0.0370 -0.0025  0.0180  0.0411  0.1039  0.0110 -0.0787  0.0703  0.2414  0.4731  0.7095  1.0000  0.7187  0.4766  0.1885  0.0104 -0.1504  0.0776  0.2214  0.1528  0.1193  0.0255 -0.0476  0.0158 -0.0319 -0.0702 -0.1283 -0.0717 -0.0370 -0.0025  0.0180  0.0411  0.1039  0.0110 -0.0787  0.0703  0.2414  0.4731  0.7095  1.0000
    47   biomsd    6.9616e+00 6.0650e-01   0.2651  0.0109 -0.0219 -0.0483 -0.0883 -0.0494 -0.0254 -0.0017  0.0124  0.0283  0.0716  0.0080 -0.0531  0.0511  0.1722  0.3374  0.5061  0.7187  1.0000  0.6695  0.2852  0.0669 -0.0836  0.0621  0.1563  0.1075  0.0831  0.0180 -0.0326  0.0109 -0.0219 -0.0483 -0.0883 -0.0494 -0.0254 -0.0017  0.0124  0.0283  0.0716  0.0080 -0.0531  0.0511  0.1722  0.3374  0.5061  0.7187  1.0000
    48   biomsd    6.6741e+00 5.1313e-01   0.1558  0.0064 -0.0129 -0.0284 -0.0519 -0.0290 -0.0149 -0.0009  0.0074  0.0168  0.0423  0.0054 -0.0295  0.0349  0.1120  0.2194  0.3290  0.4766  0.6695  1.0000  0.4439  0.1454 -0.0137  0.0520  0.0989  0.0675  0.0507  0.0113 -0.0188  0.0064 -0.0129 -0.0284 -0.0519 -0.0290 -0.0149 -0.0009  0.0074  0.0168  0.0423  0.0054 -0.0295  0.0349  0.1120  0.2194  0.3290  0.4766  0.6695  1.0000
    49   biomsd    6.3867e+00 2.8252e-01  -0.0033 -0.0001  0.0003  0.0006  0.0011  0.0007  0.0004  0.0002  0.0001  0.0001  0.0001  0.0024  0.0071  0.0171  0.0371  0.0726  0.1088  0.1885  0.2852  0.4439  1.0000  0.3844  0.1297  0.0555  0.0237  0.0142  0.0057  0.0025  0.0015 -0.0001  0.0003  0.0006  0.0011  0.0007  0.0004  0.0002  0.0001  0.0001  0.0001  0.0024  0.0071  0.0171  0.0371  0.0726  0.1088  0.1885  0.2852  0.4439  1.0000
    50   biomsd    6.1233e+00 4.1748e-01  -0.1620 -0.0066  0.0134  0.0296  0.0540  0.0303  0.0158  0.0014 -0.0070 -0.0163 -0.0416  0.0008  0.0471  0.0091 -0.0158 -0.0313 -0.0471  0.0104  0.0669  0.1454  0.3844  1.0000  0.3988  0.1141 -0.0263 -0.0237 -0.0327 -0.0035  0.0229 -0.0066  0.0134  0.0296  0.0540  0.0303  0.0158  0.0014 -0.0070 -0.0163 -0.0416  0.0008  0.0471  0.0091 -0.0158 -0.0313 -0.0471  0.0104  0.0669  0.1454  0.3844  1.0000
    51   biomsd    5.8599e+00 2.9636e-01  -0.4536 -0.0186  0.0376  0.0827  0.1513  0.0848  0.0441  0.0037 -0.0198 -0.0462 -0.1174 -0.0001  0.1261  0.0093 -0.0799 -0.1576 -0.2367 -0.1504 -0.0836 -0.0137  0.1297  0.3988  1.0000  0.2684 -0.0968 -0.0804 -0.0975 -0.0124  0.0631 -0.0186  0.0376  0.0827  0.1513  0.0848  0.0441  0.0037 -0.0198 -0.0462 -0.1174 -0.0001  0.1261  0.0093 -0.0799 -0.1576 -0.2367 -0.1504 -0.0836 -0.0137  0.1297  0.3988  1.0000
    52   biomsd    6.5734e+00 4.5793e-01   0.1738  0.0071 -0.0144 -0.0317 -0.0579 -0.0325 -0.0169 -0.0014  0.0076  0.0177  0.0451  0.0003 -0.0477 -0.0018  0.0346  0.0681  0.1023  0.0776  0.0621  0.0520  0.0555  0.1141  0.2684  1.0000  0.5392  0.3357  0.1690  0.0589 -0.0025  0.0071 -0.0144 -0.0317 -0.0579 -0.0325 -0.0169 -0.0014  0.0076  0.0177  0.0451  0.0003 -0.0477 -0.0018  0.0346  0.0681  0.1023  0.0776  0.0621  0.0520  0.0555  0.1141  0.2684  1.0000
    53   biomsd    7.2868e+00 5.2266e-01   0.5620  0.0230 -0.0466 -0.1025 -0.1874 -0.1051 -0.0546 -0.0046  0.0246  0.0573  0.1456  0.0005 -0.1551 -0.0084  0.1059  0.2089  0.3137  0.2214  0.1563  0.0989  0.0237 -0.0263 -0.0968  0.5392  1.0000  0.6340  0.3516  0.1103 -0.0402  0.0230 -0.0466 -0.1025 -0.1874 -0.1051 -0.0546 -0.0046  0.0246  0.0573  0.1456  0.0005 -0.1551 -0.0084  0.1059  0.2089  0.3137  0.2214  0.1563  0.0989  0.0237 -0.0263 -0.0968  0.5392  1.0000
    54   biomsd    7.3263e+00 4.9444e-01   0.3890  0.0159 -0.0322 -0.0709 -0.1297 -0.0727 -0.0378 -0.0032  0.0170  0.0396  0.1008  0.0004 -0.1074 -0.0058  0.0732  0.1444  0.2168  0.1528  0.1075  0.0675  0.0142 -0.0237 -0.0804  0.3357  0.6340  1.0000  0.4856  0.1761  0.0121  0.0159 -0.0322 -0.0709 -0.1297 -0.0727 -0.0378 -0.0032  0.0170  0.0396  0.1008  0.0004 -0.1074 -0.0058  0.0732  0.1444  0.2168  0.1528  0.1075  0.0675  0.0142 -0.0237 -0.0804  0.3357  0.6340  1.0000
    55   biomsd    7.3658e+00 2.9648e-01   0.3064  0.0126 -0.0254 -0.0559 -0.1022 -0.0573 -0.0297 -0.0025  0.0134  0.0312  0.0794  0.0003 -0.0846 -0.0047  0.0575  0.1134  0.1702  0.1193  0.0831  0.0507  0.0057 -0.0327 -0.0975  0.1690  0.3516  0.4856  1.0000  0.3930  0.1112  0.0126 -0.0254 -0.0559 -0.1022 -0.0573 -0.0297 -0.0025  0.0134  0.0312  0.0794  0.0003 -0.0846 -0.0047  0.0575  0.1134  0.1702  0.1193  0.0831  0.0507  0.0057 -0.0327 -0.0975  0.1690  0.3516  0.4856  1.0000
    56   biomsd    7.1367e+00 4.1872e-01   0.0649  0.0027 -0.0054 -0.0118 -0.0217 -0.0121 -0.0063 -0.0005  0.0028  0.0066  0.0168  0.0001 -0.0179 -0.0010  0.0122  0.0241  0.0362  0.0255  0.0180  0.0113  0.0025 -0.0035 -0.0124  0.0589  0.1103  0.1761  0.3930  1.0000  0.3900  0.0027 -0.0054 -0.0118 -0.0217 -0.0121 -0.0063 -0.0005  0.0028  0.0066  0.0168  0.0001 -0.0179 -0.0010  0.0122  0.0241  0.0362  0.0255  0.0180  0.0113  0.0025 -0.0035 -0.0124  0.0589  0.1103  0.1761  0.3930  1.0000
    57   biomsd    6.9075e+00 2.9364e-01  -0.1240 -0.0051  0.0103  0.0226  0.0413  0.0232  0.0120  0.0010 -0.0054 -0.0126 -0.0321 -0.0001  0.0343  0.0020 -0.0231 -0.0456 -0.0685 -0.0476 -0.0326 -0.0188  0.0015  0.0229  0.0631 -0.0025 -0.0402  0.0121  0.1112  0.3900  1.0000 -0.0051  0.0103  0.0226  0.0413  0.0232  0.0120  0.0010 -0.0054 -0.0126 -0.0321 -0.0001  0.0343  0.0020 -0.0231 -0.0456 -0.0685 -0.0476 -0.0326 -0.0188  0.0015  0.0229  0.0631 -0.0025 -0.0402  0.0121  0.1112  0.3900  1.0000
    58   biomA     4.6327e+02 1.5904e+02   0.0410  1.0000  0.5015  0.3072  0.1645  0.1037  0.0709  0.0459  0.0297  0.0215  0.0181  0.0031 -0.0102 -0.0002  0.0078  0.0152  0.0227  0.0158  0.0109  0.0064 -0.0001 -0.0066 -0.0186  0.0071  0.0230  0.0159  0.0126  0.0027 -0.0051  1.0000  0.5015  0.3072  0.1645  0.1037  0.0709  0.0459  0.0297  0.0215  0.0181  0.0031 -0.0102 -0.0002  0.0078  0.0152  0.0227  0.0158  0.0109  0.0064 -0.0001 -0.0066 -0.0186  0.0071  0.0230  0.0159  0.0126  0.0027 -0.0051  1.0000
    59   biomA     4.1054e+02 2.0811e+02  -0.0829  0.5015  1.0000  0.6341  0.3781  0.2345  0.1553  0.0917  0.0513  0.0256 -0.0068  0.0059  0.0250  0.0021 -0.0151 -0.0304 -0.0457 -0.0319 -0.0219 -0.0129  0.0003  0.0134  0.0376 -0.0144 -0.0466 -0.0322 -0.0254 -0.0054  0.0103  0.5015  1.0000  0.6341  0.3781  0.2345  0.1553  0.0917  0.0513  0.0256 -0.0068  0.0059  0.0250  0.0021 -0.0151 -0.0304 -0.0457 -0.0319 -0.0219 -0.0129  0.0003  0.0134  0.0376 -0.0144 -0.0466 -0.0322 -0.0254 -0.0054  0.0103  0.5015  1.0000
    60   biomA     3.6381e+02 1.9552e+02  -0.1824  0.3072  0.6341  1.0000  0.6081  0.3761  0.2477  0.1436  0.0778  0.0346 -0.0244  0.0092  0.0537  0.0042 -0.0335 -0.0669 -0.1007 -0.0702 -0.0483 -0.0284  0.0006  0.0296  0.0827 -0.0317 -0.1025 -0.0709 -0.0559 -0.0118  0.0226  0.3072  0.6341  1.0000  0.6081  0.3761  0.2477  0.1436  0.0778  0.0346 -0.0244  0.0092  0.0537  0.0042 -0.0335 -0.0669 -0.1007 -0.0702 -0.0483 -0.0284  0.0006  0.0296  0.0827 -0.0317 -0.1025 -0.0709 -0.0559 -0.0118  0.0226  0.3072  0.6341  1.0000
    61   biomA     3.2240e+02 1.4895e+02  -0.3335  0.1645  0.3781  0.6081  1.0000  0.6178  0.4059  0.2336  0.1247  0.0524 -0.0492  0.0149  0.0975  0.0073 -0.0613 -0.1224 -0.1842 -0.1283 -0.0883 -0.0519  0.0011  0.0540  0.1513 -0.0579 -0.1874 -0.1297 -0.1022 -0.0217  0.0413  0.1645  0.3781  0.6081  1.0000  0.6178  0.4059  0.2336  0.1247  0.0524 -0.0492  0.0149  0.0975  0.0073 -0.0613 -0.1224 -0.1842 -0.1283 -0.0883 -0.0519  0.0011  0.0540  0.1513 -0.0579 -0.1874 -0.1297 -0.1022 -0.0217  0.0413  0.1645  0.3781  0.6081  1.0000
    62   biomA     3.9985e+02 2.2228e+02  -0.1869  0.1037  0.2345  0.3761  0.6178  1.0000  0.6671  0.4026  0.2337  0.1310  0.0161  0.0261  0.0610  0.0066 -0.0333 -0.0681 -0.1030 -0.0717 -0.0494 -0.0290  0.0007  0.0303  0.0848 -0.0325 -0.1051 -0.0727 -0.0573 -0.0121  0.0232  0.1037  0.2345  0.3761  0.6178  1.0000  0.6671  0.4026  0.2337  0.1310  0.0161  0.0261  0.0610  0.0066 -0.0333 -0.0681 -0.1030 -0.0717 -0.0494 -0.0290  0.0007  0.0303  0.0848 -0.0325 -0.1051 -0.0727 -0.0573 -0.0121  0.0232  0.1037  0.2345  0.3761  0.6178  1.0000
    63   biomA     4.9590e+02 2.7481e+02  -0.0971  0.0709  0.1553  0.2477  0.4059  0.6671  1.0000  0.6130  0.3650  0.2192  0.0733  0.0401  0.0411  0.0072 -0.0157 -0.0346 -0.0531 -0.0370 -0.0254 -0.0149  0.0004  0.0158  0.0441 -0.0169 -0.0546 -0.0378 -0.0297 -0.0063  0.0120  0.0709  0.1553  0.2477  0.4059  0.6671  1.0000  0.6130  0.3650  0.2192  0.0733  0.0401  0.0411  0.0072 -0.0157 -0.0346 -0.0531 -0.0370 -0.0254 -0.0149  0.0004  0.0158  0.0441 -0.0169 -0.0546 -0.0378 -0.0297 -0.0063  0.0120  0.0709  0.1553  0.2477  0.4059  0.6671  1.0000
    64   biomA     6.1501e+02 2.8020e+02  -0.0082  0.0459  0.0917  0.1436  0.2336  0.4026  0.6130  1.0000  0.6028  0.3733  0.1587  0.0656  0.0257  0.0093  0.0025 -0.0012 -0.0035 -0.0025 -0.0017 -0.0009  0.0002  0.0014  0.0037 -0.0014 -0.0046 -0.0032 -0.0025 -0.0005  0.0010  0.0459  0.0917  0.1436  0.2336  0.4026  0.6130  1.0000  0.6028  0.3733  0.1587  0.0656  0.0257  0.0093  0.0025 -0.0012 -0.0035 -0.0025 -0.0017 -0.0009  0.0002  0.0014  0.0037 -0.0014 -0.0046 -0.0032 -0.0025 -0.0005  0.0010  0.0459  0.0917  0.1436  0.2336  0.4026  0.6130  1.0000
    65   biomA     7.4004e+02 3.9218e+02   0.0437  0.0297  0.0513  0.0778  0.1247  0.2337  0.3650  0.6028  1.0000  0.6236  0.2775  0.1085  0.0266  0.0145  0.0148  0.0191  0.0258  0.0180  0.0124  0.0074  0.0001 -0.0070 -0.0198  0.0076  0.0246  0.0170  0.0134  0.0028 -0.0054  0.0297  0.0513  0.0778  0.1247  0.2337  0.3650  0.6028  1.0000  0.6236  0.2775  0.1085  0.0266  0.0145  0.0148  0.0191  0.0258  0.0180  0.0124  0.0074  0.0001 -0.0070 -0.0198  0.0076  0.0246  0.0170  0.0134  0.0028 -0.0054  0.0297  0.0513  0.0778  0.1247  0.2337  0.3650  0.6028  1.0000
    66   biomA     8.9047e+02 4.3711e+02   0.1019  0.0215  0.0256  0.0346  0.0524  0.1310  0.2192  0.3733  0.6236  1.0000  0.4519  0.1735  0.0337  0.0227  0.0296  0.0424  0.0589  0.0411  0.0283  0.0168  0.0001 -0.0163 -0.0462  0.0177  0.0573  0.0396  0.0312  0.0066 -0.0126  0.0215  0.0256  0.0346  0.0524  0.1310  0.2192  0.3733  0.6236  1.0000  0.4519  0.1735  0.0337  0.0227  0.0296  0.0424  0.0589  0.0411  0.0283  0.0168  0.0001 -0.0163 -0.0462  0.0177  0.0573  0.0396  0.0312  0.0066 -0.0126  0.0215  0.0256  0.0346  0.0524  0.1310  0.2192  0.3733  0.6236  1.0000
    67   biomA     1.0715e+03 3.1776e+02   0.2591  0.0181 -0.0068 -0.0244 -0.0492  0.0161  0.0733  0.1587  0.2775  0.4519  1.0000  0.3804  0.0641  0.0493  0.0716  0.1060  0.1490  0.1039  0.0716  0.0423  0.0001 -0.0416 -0.1174  0.0451  0.1456  0.1008  0.0794  0.0168 -0.0321  0.0181 -0.0068 -0.0244 -0.0492  0.0161  0.0733  0.1587  0.2775  0.4519  1.0000  0.3804  0.0641  0.0493  0.0716  0.1060  0.1490  0.1039  0.0716  0.0423  0.0001 -0.0416 -0.1174  0.0451  0.1456  0.1008  0.0794  0.0168 -0.0321  0.0181 -0.0068 -0.0244 -0.0492  0.0161  0.0733  0.1587  0.2775  0.4519  1.0000
    68   biomA     8.4572e+02 3.4924e+02   0.0008  0.0031  0.0059  0.0092  0.0149  0.0261  0.0401  0.0656  0.1085  0.1735  0.3804  1.0000  0.3565  0.1403  0.0612  0.0283  0.0154  0.0110  0.0080  0.0054  0.0024  0.0008 -0.0001  0.0003  0.0005  0.0004  0.0003  0.0001 -0.0001  0.0031  0.0059  0.0092  0.0149  0.0261  0.0401  0.0656  0.1085  0.1735  0.3804  1.0000  0.3565  0.1403  0.0612  0.0283  0.0154  0.0110  0.0080  0.0054  0.0024  0.0008 -0.0001  0.0003  0.0005  0.0004  0.0003  0.0001 -0.0001  0.0031  0.0059  0.0092  0.0149  0.0261  0.0401  0.0656  0.1085  0.1735  0.3804  1.0000
    69   biomA     6.6752e+02 1.8387e+02  -0.2762 -0.0102  0.0250  0.0537  0.0975  0.0610  0.0411  0.0257  0.0266  0.0337  0.0641  0.3565  1.0000  0.3677  0.1064 -0.0294 -0.1140 -0.0787 -0.0531 -0.0295  0.0071  0.0471  0.1261 -0.0477 -0.1551 -0.1074 -0.0846 -0.0179  0.0343 -0.0102  0.0250  0.0537  0.0975  0.0610  0.0411  0.0257  0.0266  0.0337  0.0641  0.3565  1.0000  0.3677  0.1064 -0.0294 -0.1140 -0.0787 -0.0531 -0.0295  0.0071  0.0471  0.1261 -0.0477 -0.1551 -0.1074 -0.0846 -0.0179  0.0343 -0.0102  0.0250  0.0537  0.0975  0.0610  0.0411  0.0257  0.0266  0.0337  0.0641  0.3565  1.0000
    70   biomA     8.9008e+02 3.7668e+02  -0.0157 -0.0002  0.0021  0.0042  0.0073  0.0066  0.0072  0.0093  0.0145  0.0227  0.0493  0.1403  0.3677  1.0000  0.4318  0.1934  0.0980  0.0703  0.0511  0.0349  0.0171  0.0091  0.0093 -0.0018 -0.0084 -0.0058 -0.0047 -0.0010  0.0020 -0.0002  0.0021  0.0042  0.0073  0.0066  0.0072  0.0093  0.0145  0.0227  0.0493  0.1403  0.3677  1.0000  0.4318  0.1934  0.0980  0.0703  0.0511  0.0349  0.0171  0.0091  0.0093 -0.0018 -0.0084 -0.0058 -0.0047 -0.0010  0.0020 -0.0002  0.0021  0.0042  0.0073  0.0066  0.0072  0.0093  0.0145  0.0227  0.0493  0.1403  0.3677  1.0000
    71   biomA     1.1868e+03 3.9893e+02   0.1868  0.0078 -0.0151 -0.0335 -0.0613 -0.0333 -0.0157  0.0025  0.0148  0.0296  0.0716  0.0612  0.1064  0.4318  1.0000  0.5110  0.3402  0.2414  0.1722  0.1120  0.0371 -0.0158 -0.0799  0.0346  0.1059  0.0732  0.0575  0.0122 -0.0231  0.0078 -0.0151 -0.0335 -0.0613 -0.0333 -0.0157  0.0025  0.0148  0.0296  0.0716  0.0612  0.1064  0.4318  1.0000  0.5110  0.3402  0.2414  0.1722  0.1120  0.0371 -0.0158 -0.0799  0.0346  0.1059  0.0732  0.0575  0.0122 -0.0231  0.0078 -0.0151 -0.0335 -0.0613 -0.0333 -0.0157  0.0025  0.0148  0.0296  0.0716  0.0612  0.1064  0.4318  1.0000
    72   biomA     1.4918e+03 7.8026e+02   0.3683  0.0152 -0.0304 -0.0669 -0.1224 -0.0681 -0.0346 -0.0012  0.0191  0.0424  0.1060  0.0283 -0.0294  0.1934  0.5110  1.0000  0.6668  0.4731  0.3374  0.2194  0.0726 -0.0313 -0.1576  0.0681  0.2089  0.1444  0.1134  0.0241 -0.0456  0.0152 -0.0304 -0.0669 -0.1224 -0.0681 -0.0346 -0.0012  0.0191  0.0424  0.1060  0.0283 -0.0294  0.1934  0.5110  1.0000  0.6668  0.4731  0.3374  0.2194  0.0726 -0.0313 -0.1576  0.0681  0.2089  0.1444  0.1134  0.0241 -0.0456  0.0152 -0.0304 -0.0669 -0.1224 -0.0681 -0.0346 -0.0012  0.0191  0.0424  0.1060  0.0283 -0.0294  0.1934  0.5110  1.0000
    73   biomA     1.8752e+03 1.0935e+03   0.5531  0.0227 -0.0457 -0.1007 -0.1842 -0.1030 -0.0531 -0.0035  0.0258  0.0589  0.1490  0.0154 -0.1140  0.0980  0.3402  0.6668  1.0000  0.7095  0.5061  0.3290  0.1088 -0.0471 -0.2367  0.1023  0.3137  0.2168  0.1702  0.0362 -0.0685  0.0227 -0.0457 -0.1007 -0.1842 -0.1030 -0.0531 -0.0035  0.0258  0.0589  0.1490  0.0154 -0.1140  0.0980  0.3402  0.6668  1.0000  0.7095  0.5061  0.3290  0.1088 -0.0471 -0.2367  0.1023  0.3137  0.2168  0.1702  0.0362 -0.0685  0.0227 -0.0457 -0.1007 -0.1842 -0.1030 -0.0531 -0.0035  0.0258  0.0589  0.1490  0.0154 -0.1140  0.0980  0.3402  0.6668  1.0000
    74   biomA     1.4067e+03 8.8235e+02   0.3853  0.0158 -0.0319 -0.0702 -0.1283 -0.0717 -0.0370 -0.0025  0.0180  0.0411  0.1039  0.0110 -0.0787  0.0703  0.2414  0.4731  0.7095  1.0000  0.7187  0.4766  0.1885  0.0104 -0.1504  0.0776  0.2214  0.1528  0.1193  0.0255 -0.0476  0.0158 -0.0319 -0.0702 -0.1283 -0.0717 -0.0370 -0.0025  0.0180  0.0411  0.1039  0.0110 -0.0787  0.0703  0.2414  0.4731  0.7095  1.0000  0.7187  0.4766  0.1885  0.0104 -0.1504  0.0776  0.2214  0.1528  0.1193  0.0255 -0.0476  0.0158 -0.0319 -0.0702 -0.1283 -0.0717 -0.0370 -0.0025  0.0180  0.0411  0.1039  0.0110 -0.0787  0.0703  0.2414  0.4731  0.7095  1.0000
    75   biomA     1.0553e+03 6.4002e+02   0.2651  0.0109 -0.0219 -0.0483 -0.0883 -0.0494 -0.0254 -0.0017  0.0124  0.0283  0.0716  0.0080 -0.0531  0.0511  0.1722  0.3374  0.5061  0.7187  1.0000  0.6695  0.2852  0.0669 -0.0836  0.0621  0.1563  0.1075  0.0831  0.0180 -0.0326  0.0109 -0.0219 -0.0483 -0.0883 -0.0494 -0.0254 -0.0017  0.0124  0.0283  0.0716  0.0080 -0.0531  0.0511  0.1722  0.3374  0.5061  0.7187  1.0000  0.6695  0.2852  0.0669 -0.0836  0.0621  0.1563  0.1075  0.0831  0.0180 -0.0326  0.0109 -0.0219 -0.0483 -0.0883 -0.0494 -0.0254 -0.0017  0.0124  0.0283  0.0716  0.0080 -0.0531  0.0511  0.1722  0.3374  0.5061  0.7187  1.0000
    76   biomA     7.9164e+02 4.0622e+02   0.1558  0.0064 -0.0129 -0.0284 -0.0519 -0.0290 -0.0149 -0.0009  0.0074  0.0168  0.0423  0.0054 -0.0295  0.0349  0.1120  0.2194  0.3290  0.4766  0.6695  1.0000  0.4439  0.1454 -0.0137  0.0520  0.0989  0.0675  0.0507  0.0113 -0.0188  0.0064 -0.0129 -0.0284 -0.0519 -0.0290 -0.0149 -0.0009  0.0074  0.0168  0.0423  0.0054 -0.0295  0.0349  0.1120  0.2194  0.3290  0.4766  0.6695  1.0000  0.4439  0.1454 -0.0137  0.0520  0.0989  0.0675  0.0507  0.0113 -0.0188  0.0064 -0.0129 -0.0284 -0.0519 -0.0290 -0.0149 -0.0009  0.0074  0.0168  0.0423  0.0054 -0.0295  0.0349  0.1120  0.2194  0.3290  0.4766  0.6695  1.0000
    77   biomA     5.9386e+02 1.6778e+02  -0.0033 -0.0001  0.0003  0.0006  0.0011  0.0007  0.0004  0.0002  0.0001  0.0001  0.0001  0.0024  0.0071  0.0171  0.0371  0.0726  0.1088  0.1885  0.2852  0.4439  1.0000  0.3844  0.1297  0.0555  0.0237  0.0142  0.0057  0.0025  0.0015 -0.0001  0.0003  0.0006  0.0011  0.0007  0.0004  0.0002  0.0001  0.0001  0.0001  0.0024  0.0071  0.0171  0.0371  0.0726  0.1088  0.1885  0.2852  0.4439  1.0000  0.3844  0.1297  0.0555  0.0237  0.0142  0.0057  0.0025  0.0015 -0.0001  0.0003  0.0006  0.0011  0.0007  0.0004  0.0002  0.0001  0.0001  0.0001  0.0024  0.0071  0.0171  0.0371  0.0726  0.1088  0.1885  0.2852  0.4439  1.0000
    78   biomA     4.5635e+02 1.9052e+02  -0.1620 -0.0066  0.0134  0.0296  0.0540  0.0303  0.0158  0.0014 -0.0070 -0.0163 -0.0416  0.0008  0.0471  0.0091 -0.0158 -0.0313 -0.0471  0.0104  0.0669  0.1454  0.3844  1.0000  0.3988  0.1141 -0.0263 -0.0237 -0.0327 -0.0035  0.0229 -0.0066  0.0134  0.0296  0.0540  0.0303  0.0158  0.0014 -0.0070 -0.0163 -0.0416  0.0008  0.0471  0.0091 -0.0158 -0.0313 -0.0471  0.0104  0.0669  0.1454  0.3844  1.0000  0.3988  0.1141 -0.0263 -0.0237 -0.0327 -0.0035  0.0229 -0.0066  0.0134  0.0296  0.0540  0.0303  0.0158  0.0014 -0.0070 -0.0163 -0.0416  0.0008  0.0471  0.0091 -0.0158 -0.0313 -0.0471  0.0104  0.0669  0.1454  0.3844  1.0000
    79   biomA     3.5068e+02 1.0393e+02  -0.4536 -0.0186  0.0376  0.0827  0.1513  0.0848  0.0441  0.0037 -0.0198 -0.0462 -0.1174 -0.0001  0.1261  0.0093 -0.0799 -0.1576 -0.2367 -0.1504 -0.0836 -0.0137  0.1297  0.3988  1.0000  0.2684 -0.0968 -0.0804 -0.0975 -0.0124  0.0631 -0.0186  0.0376  0.0827  0.1513  0.0848  0.0441  0.0037 -0.0198 -0.0462 -0.1174 -0.0001  0.1261  0.0093 -0.0799 -0.1576 -0.2367 -0.1504 -0.0836 -0.0137  0.1297  0.3988  1.0000  0.2684 -0.0968 -0.0804 -0.0975 -0.0124  0.0631 -0.0186  0.0376  0.0827  0.1513  0.0848  0.0441  0.0037 -0.0198 -0.0462 -0.1174 -0.0001  0.1261  0.0093 -0.0799 -0.1576 -0.2367 -0.1504 -0.0836 -0.0137  0.1297  0.3988  1.0000
    80   biomA     7.1577e+02 3.2777e+02   0.1738  0.0071 -0.0144 -0.0317 -0.0579 -0.0325 -0.0169 -0.0014  0.0076  0.0177  0.0451  0.0003 -0.0477 -0.0018  0.0346  0.0681  0.1023  0.0776  0.0621  0.0520  0.0555  0.1141  0.2684  1.0000  0.5392  0.3357  0.1690  0.0589 -0.0025  0.0071 -0.0144 -0.0317 -0.0579 -0.0325 -0.0169 -0.0014  0.0076  0.0177  0.0451  0.0003 -0.0477 -0.0018  0.0346  0.0681  0.1023  0.0776  0.0621  0.0520  0.0555  0.1141  0.2684  1.0000  0.5392  0.3357  0.1690  0.0589 -0.0025  0.0071 -0.0144 -0.0317 -0.0579 -0.0325 -0.0169 -0.0014  0.0076  0.0177  0.0451  0.0003 -0.0477 -0.0018  0.0346  0.0681  0.1023  0.0776  0.0621  0.0520  0.0555  0.1141  0.2684  1.0000
    81   biomA     1.4610e+03 7.6358e+02   0.5620  0.0230 -0.0466 -0.1025 -0.1874 -0.1051 -0.0546 -0.0046  0.0246  0.0573  0.1456  0.0005 -0.1551 -0.0084  0.1059  0.2089  0.3137  0.2214  0.1563  0.0989  0.0237 -0.0263 -0.0968  0.5392  1.0000  0.6340  0.3516  0.1103 -0.0402  0.0230 -0.0466 -0.1025 -0.1874 -0.1051 -0.0546 -0.0046  0.0246  0.0573  0.1456  0.0005 -0.1551 -0.0084  0.1059  0.2089  0.3137  0.2214  0.1563  0.0989  0.0237 -0.0263 -0.0968  0.5392  1.0000  0.6340  0.3516  0.1103 -0.0402  0.0230 -0.0466 -0.1025 -0.1874 -0.1051 -0.0546 -0.0046  0.0246  0.0573  0.1456  0.0005 -0.1551 -0.0084  0.1059  0.2089  0.3137  0.2214  0.1563  0.0989  0.0237 -0.0263 -0.0968  0.5392  1.0000
    82   biomA     1.5198e+03 7.5146e+02   0.3890  0.0159 -0.0322 -0.0709 -0.1297 -0.0727 -0.0378 -0.0032  0.0170  0.0396  0.1008  0.0004 -0.1074 -0.0058  0.0732  0.1444  0.2168  0.1528  0.1075  0.0675  0.0142 -0.0237 -0.0804  0.3357  0.6340  1.0000  0.4856  0.1761  0.0121  0.0159 -0.0322 -0.0709 -0.1297 -0.0727 -0.0378 -0.0032  0.0170  0.0396  0.1008  0.0004 -0.1074 -0.0058  0.0732  0.1444  0.2168  0.1528  0.1075  0.0675  0.0142 -0.0237 -0.0804  0.3357  0.6340  1.0000  0.4856  0.1761  0.0121  0.0159 -0.0322 -0.0709 -0.1297 -0.0727 -0.0378 -0.0032  0.0170  0.0396  0.1008  0.0004 -0.1074 -0.0058  0.0732  0.1444  0.2168  0.1528  0.1075  0.0675  0.0142 -0.0237 -0.0804  0.3357  0.6340  1.0000
    83   biomA     1.5810e+03 4.6876e+02   0.3064  0.0126 -0.0254 -0.0559 -0.1022 -0.0573 -0.0297 -0.0025  0.0134  0.0312  0.0794  0.0003 -0.0846 -0.0047  0.0575  0.1134  0.1702  0.1193  0.0831  0.0507  0.0057 -0.0327 -0.0975  0.1690  0.3516  0.4856  1.0000  0.3930  0.1112  0.0126 -0.0254 -0.0559 -0.1022 -0.0573 -0.0297 -0.0025  0.0134  0.0312  0.0794  0.0003 -0.0846 -0.0047  0.0575  0.1134  0.1702  0.1193  0.0831  0.0507  0.0057 -0.0327 -0.0975  0.1690  0.3516  0.4856  1.0000  0.3930  0.1112  0.0126 -0.0254 -0.0559 -0.1022 -0.0573 -0.0297 -0.0025  0.0134  0.0312  0.0794  0.0003 -0.0846 -0.0047  0.0575  0.1134  0.1702  0.1193  0.0831  0.0507  0.0057 -0.0327 -0.0975  0.1690  0.3516  0.4856  1.0000
    84   biomA     1.2572e+03 5.2643e+02   0.0649  0.0027 -0.0054 -0.0118 -0.0217 -0.0121 -0.0063 -0.0005  0.0028  0.0066  0.0168  0.0001 -0.0179 -0.0010  0.0122  0.0241  0.0362  0.0255  0.0180  0.0113  0.0025 -0.0035 -0.0124  0.0589  0.1103  0.1761  0.3930  1.0000  0.3900  0.0027 -0.0054 -0.0118 -0.0217 -0.0121 -0.0063 -0.0005  0.0028  0.0066  0.0168  0.0001 -0.0179 -0.0010  0.0122  0.0241  0.0362  0.0255  0.0180  0.0113  0.0025 -0.0035 -0.0124  0.0589  0.1103  0.1761  0.3930  1.0000  0.3900  0.0027 -0.0054 -0.0118 -0.0217 -0.0121 -0.0063 -0.0005  0.0028  0.0066  0.0168  0.0001 -0.0179 -0.0010  0.0122  0.0241  0.0362  0.0255  0.0180  0.0113  0.0025 -0.0035 -0.0124  0.0589  0.1103  0.1761  0.3930  1.0000
    85   biomA     9.9975e+02 2.9357e+02  -0.1240 -0.0051  0.0103  0.0226  0.0413  0.0232  0.0120  0.0010 -0.0054 -0.0126 -0.0321 -0.0001  0.0343  0.0020 -0.0231 -0.0456 -0.0685 -0.0476 -0.0326 -0.0188  0.0015  0.0229  0.0631 -0.0025 -0.0402  0.0121  0.1112  0.3900  1.0000 -0.0051  0.0103  0.0226  0.0413  0.0232  0.0120  0.0010 -0.0054 -0.0126 -0.0321 -0.0001  0.0343  0.0020 -0.0231 -0.0456 -0.0685 -0.0476 -0.0326 -0.0188  0.0015  0.0229  0.0631 -0.0025 -0.0402  0.0121  0.1112  0.3900  1.0000 -0.0051  0.0103  0.0226  0.0413  0.0232  0.0120  0.0010 -0.0054 -0.0126 -0.0321 -0.0001  0.0343  0.0020 -0.0231 -0.0456 -0.0684 -0.0476 -0.0326 -0.0188  0.0015  0.0229  0.0631 -0.0025 -0.0402  0.0121  0.1112  0.3900  1.0000
