 The logarithm of the determinant of the hessian = 1.34801
 index   name       value      std.dev       1       2       3       4       5       6       7       8       9      10      11      12      13      14      15      16      17      18      19      20      21      22      23      24      25      26      27      28      29      30      31      32      33      34      35      36      37      38      39      40      41      42      43      44      45      46      47      48      49      50      51      52      53      54      55      56      57   
     1   logSdLam -1.6634e+00 5.0966e-01   1.0000
     2   biom      6.2352e+00 4.5962e-01  -0.6318  1.0000
     3   biom      6.3601e+00 3.9985e-01  -0.4985  0.8963  1.0000
     4   biom      6.4849e+00 3.4655e-01  -0.3123  0.7420  0.8598  1.0000
     5   biom      6.6098e+00 3.0315e-01  -0.0566  0.5143  0.6469  0.8106  1.0000
     6   biom      6.6797e+00 3.1101e-01   0.0492  0.3649  0.4874  0.6407  0.8221  1.0000
     7   biom      6.7496e+00 3.1145e-01   0.1534  0.2282  0.3438  0.4907  0.6684  0.8265  1.0000
     8   biom      6.8195e+00 3.0449e-01   0.2635  0.0940  0.2054  0.3494  0.5278  0.6693  0.8230  1.0000
     9   biom      6.8405e+00 3.0312e-01   0.2323  0.0670  0.1606  0.2817  0.4322  0.5501  0.6779  0.8250  1.0000
    10   biom      6.8616e+00 2.8962e-01   0.2093  0.0415  0.1202  0.2224  0.3499  0.4478  0.5538  0.6755  0.8170  1.0000
    11   biom      6.8826e+00 2.6213e-01   0.1938  0.0141  0.0799  0.1657  0.2734  0.3535  0.4398  0.5387  0.6490  0.7922  1.0000
    12   biom      6.8905e+00 2.6113e-01   0.1395  0.0174  0.0669  0.1313  0.2119  0.2727  0.3384  0.4137  0.4993  0.6102  0.7711  1.0000
    13   biom      6.8983e+00 2.4199e-01   0.0913  0.0222  0.0578  0.1038  0.1612  0.2057  0.2539  0.3094  0.3746  0.4589  0.5808  0.7549  1.0000
    14   biom      6.9011e+00 2.5945e-01   0.0300  0.0414  0.0631  0.0907  0.1241  0.1536  0.1860  0.2236  0.2742  0.3388  0.4316  0.5653  0.7525  1.0000
    15   biom      6.9039e+00 2.5894e-01  -0.0251  0.0622  0.0725  0.0847  0.0980  0.1156  0.1355  0.1590  0.1993  0.2501  0.3221  0.4274  0.5734  0.7664  1.0000
    16   biom      6.9136e+00 2.7559e-01  -0.0528  0.0695  0.0730  0.0763  0.0782  0.0883  0.1003  0.1150  0.1475  0.1877  0.2443  0.3281  0.4434  0.5957  0.7793  1.0000
    17   biom      6.9234e+00 2.7678e-01  -0.0817  0.0801  0.0776  0.0727  0.0640  0.0678  0.0731  0.0803  0.1071  0.1399  0.1851  0.2535  0.3464  0.4691  0.6164  0.7917  1.0000
    18   biom      6.9397e+00 3.0083e-01  -0.0898  0.0797  0.0745  0.0661  0.0529  0.0534  0.0552  0.0584  0.0807  0.1076  0.1445  0.2008  0.2769  0.3772  0.4971  0.6391  0.8076  1.0000
    19   biom      6.9561e+00 3.1281e-01  -0.1005  0.0825  0.0746  0.0628  0.0452  0.0428  0.0415  0.0412  0.0605  0.0833  0.1141  0.1620  0.2260  0.3104  0.4108  0.5287  0.6684  0.8274  1.0000
    20   biom      6.9724e+00 3.1411e-01  -0.1142  0.0879  0.0773  0.0617  0.0393  0.0340  0.0298  0.0261  0.0431  0.0628  0.0889  0.1303  0.1850  0.2570  0.3421  0.4409  0.5579  0.6902  0.8340  1.0000
    21   biom      6.9887e+00 3.0486e-01  -0.1321  0.0965  0.0827  0.0628  0.0346  0.0262  0.0188  0.0116  0.0268  0.0439  0.0660  0.1023  0.1493  0.2111  0.2835  0.3661  0.4638  0.5734  0.6925  0.8301  1.0000
    22   biom      7.0076e+00 3.0963e-01  -0.1470  0.1036  0.0871  0.0636  0.0306  0.0197  0.0096 -0.0005  0.0132  0.0281  0.0469  0.0789  0.1194  0.1726  0.2342  0.3033  0.3848  0.4753  0.5737  0.6875  0.8280  1.0000
    23   biom      7.0265e+00 3.0330e-01  -0.1673  0.1145  0.0947  0.0668  0.0278  0.0139  0.0007 -0.0127 -0.0000  0.0133  0.0295  0.0582  0.0937  0.1402  0.1933  0.2513  0.3195  0.3941  0.4754  0.5693  0.6855  0.8272  1.0000
    24   biom      7.1161e+00 3.0349e-01   0.0402 -0.0181 -0.0106 -0.0005  0.0129  0.0204  0.0281  0.0367  0.0417  0.0486  0.0593  0.0735  0.0944  0.1221  0.1565  0.1997  0.2513  0.3120  0.3777  0.4535  0.5469  0.6623  0.8025  1.0000
    25   biom      7.2057e+00 3.0519e-01   0.2463 -0.1498 -0.1153 -0.0673 -0.0018  0.0268  0.0552  0.0857  0.0829  0.0835  0.0887  0.0883  0.0946  0.1035  0.1190  0.1475  0.1823  0.2288  0.2788  0.3361  0.4066  0.4951  0.6022  0.8037  1.0000
    26   biom      7.2328e+00 3.1578e-01   0.2586 -0.1586 -0.1227 -0.0729 -0.0047  0.0247  0.0539  0.0851  0.0811  0.0803  0.0836  0.0802  0.0826  0.0864  0.0959  0.1176  0.1445  0.1820  0.2223  0.2684  0.3250  0.3966  0.4831  0.6597  0.8320  1.0000
    27   biom      7.2598e+00 3.1541e-01   0.2794 -0.1727 -0.1343 -0.0808 -0.0077  0.0236  0.0546  0.0876  0.0822  0.0799  0.0816  0.0752  0.0738  0.0728  0.0769  0.0928  0.1129  0.1431  0.1754  0.2122  0.2574  0.3151  0.3845  0.5433  0.6984  0.8369  1.0000
    28   biom      7.2694e+00 3.4470e-01   0.2593 -0.1605 -0.1250 -0.0755 -0.0078  0.0210  0.0496  0.0801  0.0748  0.0723  0.0734  0.0667  0.0644  0.0621  0.0642  0.0770  0.0932  0.1184  0.1454  0.1761  0.2137  0.2620  0.3200  0.4588  0.5944  0.7114  0.8493  1.0000
    29   biom      7.2790e+00 3.6556e-01   0.2479 -0.1538 -0.1199 -0.0727 -0.0081  0.0193  0.0465  0.0754  0.0701  0.0674  0.0680  0.0609  0.0577  0.0542  0.0547  0.0650  0.0783  0.0999  0.1229  0.1490  0.1810  0.2222  0.2718  0.3964  0.5184  0.6195  0.7389  0.8683  1.0000
    30   biomsd    6.2352e+00 4.5962e-01  -0.6318  1.0000  0.8963  0.7420  0.5143  0.3649  0.2282  0.0940  0.0670  0.0415  0.0141  0.0174  0.0222  0.0414  0.0622  0.0695  0.0801  0.0797  0.0825  0.0879  0.0965  0.1036  0.1145 -0.0181 -0.1498 -0.1586 -0.1727 -0.1605 -0.1538  1.0000
    31   biomsd    6.3601e+00 3.9985e-01  -0.4985  0.8963  1.0000  0.8598  0.6469  0.4874  0.3438  0.2054  0.1606  0.1202  0.0799  0.0669  0.0578  0.0631  0.0725  0.0730  0.0776  0.0745  0.0746  0.0773  0.0827  0.0871  0.0947 -0.0106 -0.1153 -0.1227 -0.1343 -0.1250 -0.1199  0.8963  1.0000
    32   biomsd    6.4849e+00 3.4655e-01  -0.3123  0.7420  0.8598  1.0000  0.8106  0.6407  0.4907  0.3494  0.2817  0.2224  0.1657  0.1313  0.1038  0.0907  0.0847  0.0763  0.0727  0.0661  0.0628  0.0617  0.0628  0.0636  0.0668 -0.0005 -0.0673 -0.0729 -0.0808 -0.0755 -0.0727  0.7420  0.8598  1.0000
    33   biomsd    6.6098e+00 3.0315e-01  -0.0566  0.5143  0.6469  0.8106  1.0000  0.8221  0.6684  0.5278  0.4322  0.3499  0.2734  0.2119  0.1612  0.1241  0.0980  0.0782  0.0640  0.0529  0.0452  0.0393  0.0346  0.0306  0.0278  0.0129 -0.0018 -0.0047 -0.0077 -0.0078 -0.0081  0.5143  0.6469  0.8106  1.0000
    34   biomsd    6.6797e+00 3.1101e-01   0.0492  0.3649  0.4874  0.6407  0.8221  1.0000  0.8265  0.6693  0.5501  0.4478  0.3535  0.2727  0.2057  0.1536  0.1156  0.0883  0.0678  0.0534  0.0428  0.0340  0.0262  0.0197  0.0139  0.0204  0.0268  0.0247  0.0236  0.0210  0.0193  0.3649  0.4874  0.6407  0.8221  1.0000
    35   biomsd    6.7496e+00 3.1145e-01   0.1534  0.2282  0.3438  0.4907  0.6684  0.8265  1.0000  0.8230  0.6779  0.5538  0.4398  0.3384  0.2539  0.1860  0.1355  0.1003  0.0731  0.0552  0.0415  0.0298  0.0188  0.0096  0.0007  0.0281  0.0552  0.0539  0.0546  0.0496  0.0465  0.2282  0.3438  0.4907  0.6684  0.8265  1.0000
    36   biomsd    6.8195e+00 3.0449e-01   0.2635  0.0940  0.2054  0.3494  0.5278  0.6693  0.8230  1.0000  0.8250  0.6755  0.5387  0.4137  0.3094  0.2236  0.1590  0.1150  0.0803  0.0584  0.0412  0.0261  0.0116 -0.0005 -0.0127  0.0367  0.0857  0.0851  0.0876  0.0801  0.0754  0.0940  0.2054  0.3494  0.5278  0.6693  0.8230  1.0000
    37   biomsd    6.8405e+00 3.0312e-01   0.2323  0.0670  0.1606  0.2817  0.4322  0.5501  0.6779  0.8250  1.0000  0.8170  0.6490  0.4993  0.3746  0.2742  0.1993  0.1475  0.1071  0.0807  0.0605  0.0431  0.0268  0.0132 -0.0000  0.0417  0.0829  0.0811  0.0822  0.0748  0.0701  0.0670  0.1606  0.2817  0.4322  0.5501  0.6779  0.8250  1.0000
    38   biomsd    6.8616e+00 2.8962e-01   0.2093  0.0415  0.1202  0.2224  0.3499  0.4478  0.5538  0.6755  0.8170  1.0000  0.7922  0.6102  0.4589  0.3388  0.2501  0.1877  0.1399  0.1076  0.0833  0.0628  0.0439  0.0281  0.0133  0.0486  0.0835  0.0803  0.0799  0.0723  0.0674  0.0415  0.1202  0.2224  0.3499  0.4478  0.5538  0.6755  0.8170  1.0000
    39   biomsd    6.8826e+00 2.6213e-01   0.1938  0.0141  0.0799  0.1657  0.2734  0.3535  0.4398  0.5387  0.6490  0.7922  1.0000  0.7711  0.5808  0.4316  0.3221  0.2443  0.1851  0.1445  0.1141  0.0889  0.0660  0.0469  0.0295  0.0593  0.0887  0.0836  0.0816  0.0734  0.0680  0.0141  0.0799  0.1657  0.2734  0.3535  0.4398  0.5387  0.6490  0.7922  1.0000
    40   biomsd    6.8905e+00 2.6113e-01   0.1395  0.0174  0.0669  0.1313  0.2119  0.2727  0.3384  0.4137  0.4993  0.6102  0.7711  1.0000  0.7549  0.5653  0.4274  0.3281  0.2535  0.2008  0.1620  0.1303  0.1023  0.0789  0.0582  0.0735  0.0883  0.0802  0.0752  0.0667  0.0609  0.0174  0.0669  0.1313  0.2119  0.2727  0.3384  0.4137  0.4993  0.6102  0.7711  1.0000
    41   biomsd    6.8983e+00 2.4199e-01   0.0913  0.0222  0.0578  0.1038  0.1612  0.2057  0.2539  0.3094  0.3746  0.4589  0.5808  0.7549  1.0000  0.7525  0.5734  0.4434  0.3464  0.2769  0.2260  0.1850  0.1493  0.1194  0.0937  0.0944  0.0946  0.0826  0.0738  0.0644  0.0577  0.0222  0.0578  0.1038  0.1612  0.2057  0.2539  0.3094  0.3746  0.4589  0.5808  0.7549  1.0000
    42   biomsd    6.9011e+00 2.5945e-01   0.0300  0.0414  0.0631  0.0907  0.1241  0.1536  0.1860  0.2236  0.2742  0.3388  0.4316  0.5653  0.7525  1.0000  0.7664  0.5957  0.4691  0.3772  0.3104  0.2570  0.2111  0.1726  0.1402  0.1221  0.1035  0.0864  0.0728  0.0621  0.0542  0.0414  0.0631  0.0907  0.1241  0.1536  0.1860  0.2236  0.2742  0.3388  0.4316  0.5653  0.7525  1.0000
    43   biomsd    6.9039e+00 2.5894e-01  -0.0251  0.0622  0.0725  0.0847  0.0980  0.1156  0.1355  0.1590  0.1993  0.2501  0.3221  0.4274  0.5734  0.7664  1.0000  0.7793  0.6164  0.4971  0.4108  0.3421  0.2835  0.2342  0.1933  0.1565  0.1190  0.0959  0.0769  0.0642  0.0547  0.0622  0.0725  0.0847  0.0980  0.1156  0.1355  0.1590  0.1993  0.2501  0.3221  0.4274  0.5734  0.7664  1.0000
    44   biomsd    6.9136e+00 2.7559e-01  -0.0528  0.0695  0.0730  0.0763  0.0782  0.0883  0.1003  0.1150  0.1475  0.1877  0.2443  0.3281  0.4434  0.5957  0.7793  1.0000  0.7917  0.6391  0.5287  0.4409  0.3661  0.3033  0.2513  0.1997  0.1475  0.1176  0.0928  0.0770  0.0650  0.0695  0.0730  0.0763  0.0782  0.0883  0.1003  0.1150  0.1475  0.1877  0.2443  0.3281  0.4434  0.5957  0.7793  1.0000
    45   biomsd    6.9234e+00 2.7678e-01  -0.0817  0.0801  0.0776  0.0727  0.0640  0.0678  0.0731  0.0803  0.1071  0.1399  0.1851  0.2535  0.3464  0.4691  0.6164  0.7917  1.0000  0.8076  0.6684  0.5579  0.4638  0.3848  0.3195  0.2513  0.1823  0.1445  0.1129  0.0932  0.0783  0.0801  0.0776  0.0727  0.0640  0.0678  0.0731  0.0803  0.1071  0.1399  0.1851  0.2535  0.3464  0.4691  0.6164  0.7917  1.0000
    46   biomsd    6.9397e+00 3.0083e-01  -0.0898  0.0797  0.0745  0.0661  0.0529  0.0534  0.0552  0.0584  0.0807  0.1076  0.1445  0.2008  0.2769  0.3772  0.4971  0.6391  0.8076  1.0000  0.8274  0.6902  0.5734  0.4753  0.3941  0.3120  0.2288  0.1820  0.1431  0.1184  0.0999  0.0797  0.0745  0.0661  0.0529  0.0534  0.0552  0.0584  0.0807  0.1076  0.1445  0.2008  0.2769  0.3772  0.4971  0.6391  0.8076  1.0000
    47   biomsd    6.9561e+00 3.1281e-01  -0.1005  0.0825  0.0746  0.0628  0.0452  0.0428  0.0415  0.0412  0.0605  0.0833  0.1141  0.1620  0.2260  0.3104  0.4108  0.5287  0.6684  0.8274  1.0000  0.8340  0.6925  0.5737  0.4754  0.3777  0.2788  0.2223  0.1754  0.1454  0.1229  0.0825  0.0746  0.0628  0.0452  0.0428  0.0415  0.0412  0.0605  0.0833  0.1141  0.1620  0.2260  0.3104  0.4108  0.5287  0.6684  0.8274  1.0000
    48   biomsd    6.9724e+00 3.1411e-01  -0.1142  0.0879  0.0773  0.0617  0.0393  0.0340  0.0298  0.0261  0.0431  0.0628  0.0889  0.1303  0.1850  0.2570  0.3421  0.4409  0.5579  0.6902  0.8340  1.0000  0.8301  0.6875  0.5693  0.4535  0.3361  0.2684  0.2122  0.1761  0.1490  0.0879  0.0773  0.0617  0.0393  0.0340  0.0298  0.0261  0.0431  0.0628  0.0889  0.1303  0.1850  0.2570  0.3421  0.4409  0.5579  0.6902  0.8340  1.0000
    49   biomsd    6.9887e+00 3.0486e-01  -0.1321  0.0965  0.0827  0.0628  0.0346  0.0262  0.0188  0.0116  0.0268  0.0439  0.0660  0.1023  0.1493  0.2111  0.2835  0.3661  0.4638  0.5734  0.6925  0.8301  1.0000  0.8280  0.6855  0.5469  0.4066  0.3250  0.2574  0.2137  0.1810  0.0965  0.0827  0.0628  0.0346  0.0262  0.0188  0.0116  0.0268  0.0439  0.0660  0.1023  0.1493  0.2111  0.2835  0.3661  0.4638  0.5734  0.6925  0.8301  1.0000
    50   biomsd    7.0076e+00 3.0963e-01  -0.1470  0.1036  0.0871  0.0636  0.0306  0.0197  0.0096 -0.0005  0.0132  0.0281  0.0469  0.0789  0.1194  0.1726  0.2342  0.3033  0.3848  0.4753  0.5737  0.6875  0.8280  1.0000  0.8272  0.6623  0.4951  0.3966  0.3151  0.2620  0.2222  0.1036  0.0871  0.0636  0.0306  0.0197  0.0096 -0.0005  0.0132  0.0281  0.0469  0.0789  0.1194  0.1726  0.2342  0.3033  0.3848  0.4753  0.5737  0.6875  0.8280  1.0000
    51   biomsd    7.0265e+00 3.0330e-01  -0.1673  0.1145  0.0947  0.0668  0.0278  0.0139  0.0007 -0.0127 -0.0000  0.0133  0.0295  0.0582  0.0937  0.1402  0.1933  0.2513  0.3195  0.3941  0.4754  0.5693  0.6855  0.8272  1.0000  0.8025  0.6022  0.4831  0.3845  0.3200  0.2718  0.1145  0.0947  0.0668  0.0278  0.0139  0.0007 -0.0127 -0.0000  0.0133  0.0295  0.0582  0.0937  0.1402  0.1933  0.2513  0.3195  0.3941  0.4754  0.5693  0.6855  0.8272  1.0000
    52   biomsd    7.1161e+00 3.0349e-01   0.0402 -0.0181 -0.0106 -0.0005  0.0129  0.0204  0.0281  0.0367  0.0417  0.0486  0.0593  0.0735  0.0944  0.1221  0.1565  0.1997  0.2513  0.3120  0.3777  0.4535  0.5469  0.6623  0.8025  1.0000  0.8037  0.6597  0.5433  0.4588  0.3964 -0.0181 -0.0106 -0.0005  0.0129  0.0204  0.0281  0.0367  0.0417  0.0486  0.0593  0.0735  0.0944  0.1221  0.1565  0.1997  0.2513  0.3120  0.3777  0.4535  0.5469  0.6623  0.8025  1.0000
    53   biomsd    7.2057e+00 3.0519e-01   0.2463 -0.1498 -0.1153 -0.0673 -0.0018  0.0268  0.0552  0.0857  0.0829  0.0835  0.0887  0.0883  0.0946  0.1035  0.1190  0.1475  0.1823  0.2288  0.2788  0.3361  0.4066  0.4951  0.6022  0.8037  1.0000  0.8320  0.6984  0.5944  0.5184 -0.1498 -0.1153 -0.0673 -0.0018  0.0268  0.0552  0.0857  0.0829  0.0835  0.0887  0.0883  0.0946  0.1035  0.1190  0.1475  0.1823  0.2288  0.2788  0.3361  0.4066  0.4951  0.6022  0.8037  1.0000
    54   biomsd    7.2328e+00 3.1578e-01   0.2586 -0.1586 -0.1227 -0.0729 -0.0047  0.0247  0.0539  0.0851  0.0811  0.0803  0.0836  0.0802  0.0826  0.0864  0.0959  0.1176  0.1445  0.1820  0.2223  0.2684  0.3250  0.3966  0.4831  0.6597  0.8320  1.0000  0.8369  0.7114  0.6195 -0.1586 -0.1227 -0.0729 -0.0047  0.0247  0.0539  0.0851  0.0811  0.0803  0.0836  0.0802  0.0826  0.0864  0.0959  0.1176  0.1445  0.1820  0.2223  0.2684  0.3250  0.3966  0.4831  0.6597  0.8320  1.0000
    55   biomsd    7.2598e+00 3.1541e-01   0.2794 -0.1727 -0.1343 -0.0808 -0.0077  0.0236  0.0546  0.0876  0.0822  0.0799  0.0816  0.0752  0.0738  0.0728  0.0769  0.0928  0.1129  0.1431  0.1754  0.2122  0.2574  0.3151  0.3845  0.5433  0.6984  0.8369  1.0000  0.8493  0.7389 -0.1727 -0.1343 -0.0808 -0.0077  0.0236  0.0546  0.0876  0.0822  0.0799  0.0816  0.0752  0.0738  0.0728  0.0769  0.0928  0.1129  0.1431  0.1754  0.2122  0.2574  0.3151  0.3845  0.5433  0.6984  0.8369  1.0000
    56   biomsd    7.2694e+00 3.4470e-01   0.2593 -0.1605 -0.1250 -0.0755 -0.0078  0.0210  0.0496  0.0801  0.0748  0.0723  0.0734  0.0667  0.0644  0.0621  0.0642  0.0770  0.0932  0.1184  0.1454  0.1761  0.2137  0.2620  0.3200  0.4588  0.5944  0.7114  0.8493  1.0000  0.8683 -0.1605 -0.1250 -0.0755 -0.0078  0.0210  0.0496  0.0801  0.0748  0.0723  0.0734  0.0667  0.0644  0.0621  0.0642  0.0770  0.0932  0.1184  0.1454  0.1761  0.2137  0.2620  0.3200  0.4588  0.5944  0.7114  0.8493  1.0000
    57   biomsd    7.2790e+00 3.6556e-01   0.2479 -0.1538 -0.1199 -0.0727 -0.0081  0.0193  0.0465  0.0754  0.0701  0.0674  0.0680  0.0609  0.0577  0.0542  0.0547  0.0650  0.0783  0.0999  0.1229  0.1490  0.1810  0.2222  0.2718  0.3964  0.5184  0.6195  0.7389  0.8683  1.0000 -0.1538 -0.1199 -0.0727 -0.0081  0.0193  0.0465  0.0754  0.0701  0.0674  0.0680  0.0609  0.0577  0.0542  0.0547  0.0650  0.0783  0.0999  0.1229  0.1490  0.1810  0.2222  0.2718  0.3964  0.5184  0.6195  0.7389  0.8683  1.0000
    58   biomA     5.1039e+02 2.3459e+02  -0.6318  1.0000  0.8963  0.7420  0.5143  0.3649  0.2282  0.0940  0.0670  0.0415  0.0141  0.0174  0.0222  0.0414  0.0622  0.0695  0.0801  0.0797  0.0825  0.0879  0.0965  0.1036  0.1145 -0.0181 -0.1498 -0.1586 -0.1727 -0.1605 -0.1538  1.0000  0.8963  0.7420  0.5143  0.3649  0.2282  0.0940  0.0670  0.0415  0.0141  0.0174  0.0222  0.0414  0.0622  0.0695  0.0801  0.0797  0.0825  0.0879  0.0965  0.1036  0.1145 -0.0181 -0.1498 -0.1586 -0.1727 -0.1605 -0.1538  1.0000
    59   biomA     5.7828e+02 2.3123e+02  -0.4985  0.8963  1.0000  0.8598  0.6469  0.4874  0.3438  0.2054  0.1606  0.1202  0.0799  0.0669  0.0578  0.0631  0.0725  0.0730  0.0776  0.0745  0.0746  0.0773  0.0827  0.0871  0.0947 -0.0106 -0.1153 -0.1227 -0.1343 -0.1250 -0.1199  0.8963  1.0000  0.8598  0.6469  0.4874  0.3438  0.2054  0.1606  0.1202  0.0799  0.0669  0.0578  0.0631  0.0725  0.0730  0.0776  0.0745  0.0746  0.0773  0.0827  0.0871  0.0947 -0.0106 -0.1153 -0.1227 -0.1343 -0.1250 -0.1199  0.8963  1.0000
    60   biomA     6.5520e+02 2.2706e+02  -0.3123  0.7420  0.8598  1.0000  0.8106  0.6407  0.4907  0.3494  0.2817  0.2224  0.1657  0.1313  0.1038  0.0907  0.0847  0.0763  0.0727  0.0661  0.0628  0.0617  0.0628  0.0636  0.0668 -0.0005 -0.0673 -0.0729 -0.0808 -0.0755 -0.0727  0.7420  0.8598  1.0000  0.8106  0.6407  0.4907  0.3494  0.2817  0.2224  0.1657  0.1313  0.1038  0.0907  0.0847  0.0763  0.0727  0.0661  0.0628  0.0617  0.0628  0.0636  0.0668 -0.0005 -0.0673 -0.0729 -0.0808 -0.0755 -0.0727  0.7420  0.8598  1.0000
    61   biomA     7.4235e+02 2.2505e+02  -0.0566  0.5143  0.6469  0.8106  1.0000  0.8221  0.6684  0.5278  0.4322  0.3499  0.2734  0.2119  0.1612  0.1241  0.0980  0.0782  0.0640  0.0529  0.0452  0.0393  0.0346  0.0306  0.0278  0.0129 -0.0018 -0.0047 -0.0077 -0.0078 -0.0081  0.5143  0.6469  0.8106  1.0000  0.8221  0.6684  0.5278  0.4322  0.3499  0.2734  0.2119  0.1612  0.1241  0.0980  0.0782  0.0640  0.0529  0.0452  0.0393  0.0346  0.0306  0.0278  0.0129 -0.0018 -0.0047 -0.0077 -0.0078 -0.0081  0.5143  0.6469  0.8106  1.0000
    62   biomA     7.9609e+02 2.4759e+02   0.0492  0.3649  0.4874  0.6407  0.8221  1.0000  0.8265  0.6693  0.5501  0.4478  0.3535  0.2727  0.2057  0.1536  0.1156  0.0883  0.0678  0.0534  0.0428  0.0340  0.0262  0.0197  0.0139  0.0204  0.0268  0.0247  0.0236  0.0210  0.0193  0.3649  0.4874  0.6407  0.8221  1.0000  0.8265  0.6693  0.5501  0.4478  0.3535  0.2727  0.2057  0.1536  0.1156  0.0883  0.0678  0.0534  0.0428  0.0340  0.0262  0.0197  0.0139  0.0204  0.0268  0.0247  0.0236  0.0210  0.0193  0.3649  0.4874  0.6407  0.8221  1.0000
    63   biomA     8.5372e+02 2.6589e+02   0.1534  0.2282  0.3438  0.4907  0.6684  0.8265  1.0000  0.8230  0.6779  0.5538  0.4398  0.3384  0.2539  0.1860  0.1355  0.1003  0.0731  0.0552  0.0415  0.0298  0.0188  0.0096  0.0007  0.0281  0.0552  0.0539  0.0546  0.0496  0.0465  0.2282  0.3438  0.4907  0.6684  0.8265  1.0000  0.8230  0.6779  0.5538  0.4398  0.3384  0.2539  0.1860  0.1355  0.1003  0.0731  0.0552  0.0415  0.0298  0.0188  0.0096  0.0007  0.0281  0.0552  0.0539  0.0546  0.0496  0.0465  0.2282  0.3438  0.4907  0.6684  0.8265  1.0000
    64   biomA     9.1552e+02 2.7876e+02   0.2635  0.0940  0.2054  0.3494  0.5278  0.6693  0.8230  1.0000  0.8250  0.6755  0.5387  0.4137  0.3094  0.2236  0.1590  0.1150  0.0803  0.0584  0.0412  0.0261  0.0116 -0.0005 -0.0127  0.0367  0.0857  0.0851  0.0876  0.0801  0.0754  0.0940  0.2054  0.3494  0.5278  0.6693  0.8230  1.0000  0.8250  0.6755  0.5387  0.4137  0.3094  0.2236  0.1590  0.1150  0.0803  0.0584  0.0412  0.0261  0.0116 -0.0005 -0.0127  0.0367  0.0857  0.0851  0.0876  0.0801  0.0754  0.0940  0.2054  0.3494  0.5278  0.6693  0.8230  1.0000
    65   biomA     9.3499e+02 2.8341e+02   0.2323  0.0670  0.1606  0.2817  0.4322  0.5501  0.6779  0.8250  1.0000  0.8170  0.6490  0.4993  0.3746  0.2742  0.1993  0.1475  0.1071  0.0807  0.0605  0.0431  0.0268  0.0132 -0.0000  0.0417  0.0829  0.0811  0.0822  0.0748  0.0701  0.0670  0.1606  0.2817  0.4322  0.5501  0.6779  0.8250  1.0000  0.8170  0.6490  0.4993  0.3746  0.2742  0.1993  0.1475  0.1071  0.0807  0.0605  0.0431  0.0268  0.0132 -0.0000  0.0417  0.0829  0.0811  0.0822  0.0748  0.0701  0.0670  0.1606  0.2817  0.4322  0.5501  0.6779  0.8250  1.0000
    66   biomA     9.5487e+02 2.7655e+02   0.2093  0.0415  0.1202  0.2224  0.3499  0.4478  0.5538  0.6755  0.8170  1.0000  0.7922  0.6102  0.4589  0.3388  0.2501  0.1877  0.1399  0.1076  0.0833  0.0628  0.0439  0.0281  0.0133  0.0486  0.0835  0.0803  0.0799  0.0723  0.0674  0.0415  0.1202  0.2224  0.3499  0.4478  0.5538  0.6755  0.8170  1.0000  0.7922  0.6102  0.4589  0.3388  0.2501  0.1877  0.1399  0.1076  0.0833  0.0628  0.0439  0.0281  0.0133  0.0486  0.0835  0.0803  0.0799  0.0723  0.0674  0.0415  0.1202  0.2224  0.3499  0.4478  0.5538  0.6755  0.8170  1.0000
    67   biomA     9.7518e+02 2.5563e+02   0.1938  0.0141  0.0799  0.1657  0.2734  0.3535  0.4398  0.5387  0.6490  0.7922  1.0000  0.7711  0.5808  0.4316  0.3221  0.2443  0.1851  0.1445  0.1141  0.0889  0.0660  0.0469  0.0295  0.0593  0.0887  0.0836  0.0816  0.0734  0.0680  0.0141  0.0799  0.1657  0.2734  0.3535  0.4398  0.5387  0.6490  0.7922  1.0000  0.7711  0.5808  0.4316  0.3221  0.2443  0.1851  0.1445  0.1141  0.0889  0.0660  0.0469  0.0295  0.0593  0.0887  0.0836  0.0816  0.0734  0.0680  0.0141  0.0799  0.1657  0.2734  0.3535  0.4398  0.5387  0.6490  0.7922  1.0000
    68   biomA     9.8285e+02 2.5665e+02   0.1395  0.0174  0.0669  0.1313  0.2119  0.2727  0.3384  0.4137  0.4993  0.6102  0.7711  1.0000  0.7549  0.5653  0.4274  0.3281  0.2535  0.2008  0.1620  0.1303  0.1023  0.0789  0.0582  0.0735  0.0883  0.0802  0.0752  0.0667  0.0609  0.0174  0.0669  0.1313  0.2119  0.2727  0.3384  0.4137  0.4993  0.6102  0.7711  1.0000  0.7549  0.5653  0.4274  0.3281  0.2535  0.2008  0.1620  0.1303  0.1023  0.0789  0.0582  0.0735  0.0883  0.0802  0.0752  0.0667  0.0609  0.0174  0.0669  0.1313  0.2119  0.2727  0.3384  0.4137  0.4993  0.6102  0.7711  1.0000
    69   biomA     9.9059e+02 2.3972e+02   0.0913  0.0222  0.0578  0.1038  0.1612  0.2057  0.2539  0.3094  0.3746  0.4589  0.5808  0.7549  1.0000  0.7525  0.5734  0.4434  0.3464  0.2769  0.2260  0.1850  0.1493  0.1194  0.0937  0.0944  0.0946  0.0826  0.0738  0.0644  0.0577  0.0222  0.0578  0.1038  0.1612  0.2057  0.2539  0.3094  0.3746  0.4589  0.5808  0.7549  1.0000  0.7525  0.5734  0.4434  0.3464  0.2769  0.2260  0.1850  0.1493  0.1194  0.0937  0.0944  0.0946  0.0826  0.0738  0.0644  0.0577  0.0222  0.0578  0.1038  0.1612  0.2057  0.2539  0.3094  0.3746  0.4589  0.5808  0.7549  1.0000
    70   biomA     9.9335e+02 2.5773e+02   0.0300  0.0414  0.0631  0.0907  0.1241  0.1536  0.1860  0.2236  0.2742  0.3388  0.4316  0.5653  0.7525  1.0000  0.7664  0.5957  0.4691  0.3772  0.3104  0.2570  0.2111  0.1726  0.1402  0.1221  0.1035  0.0864  0.0728  0.0621  0.0542  0.0414  0.0631  0.0907  0.1241  0.1536  0.1860  0.2236  0.2742  0.3388  0.4316  0.5653  0.7525  1.0000  0.7664  0.5957  0.4691  0.3772  0.3104  0.2570  0.2111  0.1726  0.1402  0.1221  0.1035  0.0864  0.0728  0.0621  0.0542  0.0414  0.0631  0.0907  0.1241  0.1536  0.1860  0.2236  0.2742  0.3388  0.4316  0.5653  0.7525  1.0000
    71   biomA     9.9611e+02 2.5793e+02  -0.0251  0.0622  0.0725  0.0847  0.0980  0.1156  0.1355  0.1590  0.1993  0.2501  0.3221  0.4274  0.5734  0.7664  1.0000  0.7793  0.6164  0.4971  0.4108  0.3421  0.2835  0.2342  0.1933  0.1565  0.1190  0.0959  0.0769  0.0642  0.0547  0.0622  0.0725  0.0847  0.0980  0.1156  0.1355  0.1590  0.1993  0.2501  0.3221  0.4274  0.5734  0.7664  1.0000  0.7793  0.6164  0.4971  0.4108  0.3421  0.2835  0.2342  0.1933  0.1565  0.1190  0.0959  0.0769  0.0642  0.0547  0.0622  0.0725  0.0847  0.0980  0.1156  0.1355  0.1590  0.1993  0.2501  0.3221  0.4274  0.5734  0.7664  1.0000
    72   biomA     1.0059e+03 2.7721e+02  -0.0528  0.0695  0.0730  0.0763  0.0782  0.0883  0.1003  0.1150  0.1475  0.1877  0.2443  0.3281  0.4434  0.5957  0.7793  1.0000  0.7917  0.6391  0.5287  0.4409  0.3661  0.3033  0.2513  0.1997  0.1475  0.1176  0.0928  0.0770  0.0650  0.0695  0.0730  0.0763  0.0782  0.0883  0.1003  0.1150  0.1475  0.1877  0.2443  0.3281  0.4434  0.5957  0.7793  1.0000  0.7917  0.6391  0.5287  0.4409  0.3661  0.3033  0.2513  0.1997  0.1475  0.1176  0.0928  0.0770  0.0650  0.0695  0.0730  0.0763  0.0782  0.0883  0.1003  0.1150  0.1475  0.1877  0.2443  0.3281  0.4434  0.5957  0.7793  1.0000
    73   biomA     1.0157e+03 2.8114e+02  -0.0817  0.0801  0.0776  0.0727  0.0640  0.0678  0.0731  0.0803  0.1071  0.1399  0.1851  0.2535  0.3464  0.4691  0.6164  0.7917  1.0000  0.8076  0.6684  0.5579  0.4638  0.3848  0.3195  0.2513  0.1823  0.1445  0.1129  0.0932  0.0783  0.0801  0.0776  0.0727  0.0640  0.0678  0.0731  0.0803  0.1071  0.1399  0.1851  0.2535  0.3464  0.4691  0.6164  0.7917  1.0000  0.8076  0.6684  0.5579  0.4638  0.3848  0.3195  0.2513  0.1823  0.1445  0.1129  0.0932  0.0783  0.0801  0.0776  0.0727  0.0640  0.0678  0.0731  0.0803  0.1071  0.1399  0.1851  0.2535  0.3464  0.4691  0.6164  0.7917  1.0000
    74   biomA     1.0325e+03 3.1060e+02  -0.0898  0.0797  0.0745  0.0661  0.0529  0.0534  0.0552  0.0584  0.0807  0.1076  0.1445  0.2008  0.2769  0.3772  0.4971  0.6391  0.8076  1.0000  0.8274  0.6902  0.5734  0.4753  0.3941  0.3120  0.2288  0.1820  0.1431  0.1184  0.0999  0.0797  0.0745  0.0661  0.0529  0.0534  0.0552  0.0584  0.0807  0.1076  0.1445  0.2008  0.2769  0.3772  0.4971  0.6391  0.8076  1.0000  0.8274  0.6902  0.5734  0.4753  0.3941  0.3120  0.2288  0.1820  0.1431  0.1184  0.0999  0.0797  0.0745  0.0661  0.0529  0.0534  0.0552  0.0584  0.0807  0.1076  0.1445  0.2008  0.2769  0.3772  0.4971  0.6391  0.8076  1.0000
    75   biomA     1.0495e+03 3.2829e+02  -0.1005  0.0825  0.0746  0.0628  0.0452  0.0428  0.0415  0.0412  0.0605  0.0833  0.1141  0.1620  0.2260  0.3104  0.4108  0.5287  0.6684  0.8274  1.0000  0.8340  0.6925  0.5737  0.4754  0.3777  0.2788  0.2223  0.1754  0.1454  0.1229  0.0825  0.0746  0.0628  0.0452  0.0428  0.0415  0.0412  0.0605  0.0833  0.1141  0.1620  0.2260  0.3104  0.4108  0.5287  0.6684  0.8274  1.0000  0.8340  0.6925  0.5737  0.4754  0.3777  0.2788  0.2223  0.1754  0.1454  0.1229  0.0825  0.0746  0.0628  0.0452  0.0428  0.0415  0.0412  0.0605  0.0833  0.1141  0.1620  0.2260  0.3104  0.4108  0.5287  0.6684  0.8274  1.0000
    76   biomA     1.0668e+03 3.3508e+02  -0.1142  0.0879  0.0773  0.0617  0.0393  0.0340  0.0298  0.0261  0.0431  0.0628  0.0889  0.1303  0.1850  0.2570  0.3421  0.4409  0.5579  0.6902  0.8340  1.0000  0.8301  0.6875  0.5693  0.4535  0.3361  0.2684  0.2122  0.1761  0.1490  0.0879  0.0773  0.0617  0.0393  0.0340  0.0298  0.0261  0.0431  0.0628  0.0889  0.1303  0.1850  0.2570  0.3421  0.4409  0.5579  0.6902  0.8340  1.0000  0.8301  0.6875  0.5693  0.4535  0.3361  0.2684  0.2122  0.1761  0.1490  0.0879  0.0773  0.0617  0.0393  0.0340  0.0298  0.0261  0.0431  0.0628  0.0889  0.1303  0.1850  0.2570  0.3421  0.4409  0.5579  0.6902  0.8340  1.0000
    77   biomA     1.0844e+03 3.3058e+02  -0.1321  0.0965  0.0827  0.0628  0.0346  0.0262  0.0188  0.0116  0.0268  0.0439  0.0660  0.1023  0.1493  0.2111  0.2835  0.3661  0.4638  0.5734  0.6925  0.8301  1.0000  0.8280  0.6855  0.5469  0.4066  0.3250  0.2574  0.2137  0.1810  0.0965  0.0827  0.0628  0.0346  0.0262  0.0188  0.0116  0.0268  0.0439  0.0660  0.1023  0.1493  0.2111  0.2835  0.3661  0.4638  0.5734  0.6925  0.8301  1.0000  0.8280  0.6855  0.5469  0.4066  0.3250  0.2574  0.2137  0.1810  0.0965  0.0827  0.0628  0.0346  0.0262  0.0188  0.0116  0.0268  0.0439  0.0660  0.1023  0.1493  0.2111  0.2835  0.3661  0.4638  0.5734  0.6925  0.8301  1.0000
    78   biomA     1.1050e+03 3.4214e+02  -0.1470  0.1036  0.0871  0.0636  0.0306  0.0197  0.0096 -0.0005  0.0132  0.0281  0.0469  0.0789  0.1194  0.1726  0.2342  0.3033  0.3848  0.4753  0.5737  0.6875  0.8280  1.0000  0.8272  0.6623  0.4951  0.3966  0.3151  0.2620  0.2222  0.1036  0.0871  0.0636  0.0306  0.0197  0.0096 -0.0005  0.0132  0.0281  0.0469  0.0789  0.1194  0.1726  0.2342  0.3033  0.3848  0.4753  0.5737  0.6875  0.8280  1.0000  0.8272  0.6623  0.4951  0.3966  0.3151  0.2620  0.2222  0.1036  0.0871  0.0636  0.0306  0.0197  0.0096 -0.0005  0.0132  0.0281  0.0469  0.0789  0.1194  0.1726  0.2342  0.3033  0.3848  0.4753  0.5737  0.6875  0.8280  1.0000
    79   biomA     1.1260e+03 3.4153e+02  -0.1673  0.1145  0.0947  0.0668  0.0278  0.0139  0.0007 -0.0127 -0.0000  0.0133  0.0295  0.0582  0.0937  0.1402  0.1933  0.2513  0.3195  0.3941  0.4754  0.5693  0.6855  0.8272  1.0000  0.8025  0.6022  0.4831  0.3845  0.3200  0.2718  0.1145  0.0947  0.0668  0.0278  0.0139  0.0007 -0.0127 -0.0000  0.0133  0.0295  0.0582  0.0937  0.1402  0.1933  0.2513  0.3195  0.3941  0.4754  0.5693  0.6855  0.8272  1.0000  0.8025  0.6022  0.4831  0.3845  0.3200  0.2718  0.1145  0.0947  0.0668  0.0278  0.0139  0.0007 -0.0127 -0.0000  0.0133  0.0295  0.0582  0.0937  0.1402  0.1933  0.2513  0.3195  0.3941  0.4754  0.5693  0.6855  0.8272  1.0000
    80   biomA     1.2316e+03 3.7378e+02   0.0402 -0.0181 -0.0106 -0.0005  0.0129  0.0204  0.0281  0.0367  0.0417  0.0486  0.0593  0.0735  0.0944  0.1221  0.1565  0.1997  0.2513  0.3120  0.3777  0.4535  0.5469  0.6623  0.8025  1.0000  0.8037  0.6597  0.5433  0.4588  0.3964 -0.0181 -0.0106 -0.0005  0.0129  0.0204  0.0281  0.0367  0.0417  0.0486  0.0593  0.0735  0.0944  0.1221  0.1565  0.1997  0.2513  0.3120  0.3777  0.4535  0.5469  0.6623  0.8025  1.0000  0.8037  0.6597  0.5433  0.4588  0.3964 -0.0181 -0.0106 -0.0005  0.0129  0.0204  0.0281  0.0367  0.0417  0.0486  0.0593  0.0735  0.0944  0.1221  0.1565  0.1997  0.2513  0.3120  0.3777  0.4535  0.5469  0.6623  0.8025  1.0000
    81   biomA     1.3471e+03 4.1112e+02   0.2463 -0.1498 -0.1153 -0.0673 -0.0018  0.0268  0.0552  0.0857  0.0829  0.0835  0.0887  0.0883  0.0946  0.1035  0.1190  0.1475  0.1823  0.2288  0.2788  0.3361  0.4066  0.4951  0.6022  0.8038  1.0000  0.8320  0.6984  0.5944  0.5184 -0.1498 -0.1153 -0.0673 -0.0018  0.0268  0.0552  0.0857  0.0829  0.0835  0.0887  0.0883  0.0946  0.1035  0.1190  0.1475  0.1823  0.2288  0.2788  0.3361  0.4066  0.4951  0.6022  0.8038  1.0000  0.8320  0.6984  0.5944  0.5184 -0.1498 -0.1153 -0.0673 -0.0018  0.0268  0.0552  0.0857  0.0829  0.0835  0.0887  0.0883  0.0946  0.1035  0.1190  0.1475  0.1823  0.2288  0.2788  0.3361  0.4066  0.4951  0.6022  0.8037  1.0000
    82   biomA     1.3841e+03 4.3706e+02   0.2586 -0.1586 -0.1227 -0.0729 -0.0047  0.0247  0.0539  0.0851  0.0811  0.0803  0.0836  0.0802  0.0826  0.0864  0.0959  0.1176  0.1445  0.1820  0.2223  0.2684  0.3250  0.3966  0.4831  0.6597  0.8320  1.0000  0.8369  0.7114  0.6195 -0.1586 -0.1227 -0.0729 -0.0047  0.0247  0.0539  0.0851  0.0811  0.0803  0.0836  0.0802  0.0826  0.0864  0.0959  0.1176  0.1445  0.1820  0.2223  0.2684  0.3250  0.3966  0.4831  0.6597  0.8320  1.0000  0.8369  0.7114  0.6195 -0.1586 -0.1227 -0.0729 -0.0047  0.0247  0.0539  0.0851  0.0811  0.0803  0.0836  0.0802  0.0826  0.0864  0.0959  0.1176  0.1445  0.1820  0.2223  0.2684  0.3250  0.3966  0.4831  0.6597  0.8320  1.0000
    83   biomA     1.4220e+03 4.4851e+02   0.2794 -0.1727 -0.1343 -0.0808 -0.0077  0.0236  0.0546  0.0876  0.0822  0.0799  0.0816  0.0752  0.0738  0.0728  0.0769  0.0928  0.1129  0.1431  0.1754  0.2122  0.2574  0.3151  0.3845  0.5433  0.6984  0.8369  1.0000  0.8493  0.7389 -0.1727 -0.1343 -0.0808 -0.0077  0.0236  0.0546  0.0876  0.0822  0.0799  0.0816  0.0752  0.0738  0.0728  0.0769  0.0928  0.1129  0.1431  0.1754  0.2122  0.2574  0.3151  0.3845  0.5433  0.6984  0.8369  1.0000  0.8493  0.7389 -0.1727 -0.1343 -0.0808 -0.0077  0.0236  0.0546  0.0876  0.0822  0.0799  0.0816  0.0752  0.0738  0.0728  0.0769  0.0928  0.1129  0.1431  0.1754  0.2122  0.2574  0.3151  0.3845  0.5433  0.6984  0.8369  1.0000
    84   biomA     1.4357e+03 4.9489e+02   0.2593 -0.1605 -0.1250 -0.0755 -0.0078  0.0210  0.0496  0.0801  0.0748  0.0723  0.0734  0.0667  0.0644  0.0621  0.0642  0.0770  0.0932  0.1184  0.1454  0.1761  0.2138  0.2620  0.3200  0.4588  0.5944  0.7114  0.8493  1.0000  0.8683 -0.1605 -0.1250 -0.0755 -0.0078  0.0210  0.0496  0.0801  0.0748  0.0723  0.0734  0.0667  0.0644  0.0621  0.0642  0.0770  0.0932  0.1184  0.1454  0.1761  0.2138  0.2620  0.3200  0.4588  0.5944  0.7114  0.8493  1.0000  0.8683 -0.1605 -0.1250 -0.0755 -0.0078  0.0210  0.0496  0.0801  0.0748  0.0723  0.0734  0.0667  0.0644  0.0621  0.0642  0.0770  0.0932  0.1184  0.1454  0.1761  0.2137  0.2620  0.3200  0.4588  0.5944  0.7114  0.8493  1.0000
    85   biomA     1.4495e+03 5.2988e+02   0.2479 -0.1538 -0.1199 -0.0727 -0.0081  0.0193  0.0465  0.0754  0.0701  0.0674  0.0680  0.0609  0.0577  0.0542  0.0547  0.0650  0.0783  0.0999  0.1229  0.1490  0.1810  0.2222  0.2718  0.3964  0.5184  0.6195  0.7389  0.8683  1.0000 -0.1538 -0.1199 -0.0727 -0.0081  0.0193  0.0465  0.0754  0.0701  0.0674  0.0680  0.0609  0.0577  0.0542  0.0547  0.0650  0.0783  0.0999  0.1229  0.1490  0.1810  0.2222  0.2718  0.3964  0.5184  0.6195  0.7389  0.8683  1.0000 -0.1538 -0.1199 -0.0727 -0.0081  0.0193  0.0465  0.0754  0.0701  0.0674  0.0680  0.0609  0.0577  0.0542  0.0547  0.0650  0.0783  0.0999  0.1229  0.1490  0.1810  0.2222  0.2718  0.3964  0.5184  0.6195  0.7389  0.8683  1.0000
