 The logarithm of the determinant of the hessian = 0.371626
 index   name       value      std.dev       1       2       3       4       5       6       7       8       9      10      11      12      13      14      15      16      17      18      19      20      21      22      23      24      25      26      27      28      29      30      31      32      33      34      35      36      37      38      39      40      41      42      43      44      45      46      47      48      49      50      51      52      53      54      55      56      57      58      59      60      61      62      63      64      65      66      67      68      69      70      71      72      73      74      75      76      77      78      79   
     1   logSdLam -1.8626e+00 8.3043e-01   1.0000
     2   biom      6.3445e+00 7.1944e-01  -0.6088  1.0000
     3   biom      6.3445e+00 7.0249e-01  -0.6235  0.9764  1.0000
     4   biom      6.3445e+00 6.8513e-01  -0.6393  0.9523  0.9753  1.0000
     5   biom      6.3445e+00 6.6731e-01  -0.6564  0.9275  0.9499  0.9740  1.0000
     6   biom      6.3445e+00 6.4900e-01  -0.6749  0.9021  0.9239  0.9473  0.9726  1.0000
     7   biom      6.3445e+00 6.3016e-01  -0.6951  0.8759  0.8970  0.9198  0.9443  0.9710  1.0000
     8   biom      6.3445e+00 6.1073e-01  -0.7172  0.8489  0.8694  0.8914  0.9152  0.9410  0.9692  1.0000
     9   biom      6.3445e+00 5.9068e-01  -0.7415  0.8210  0.8408  0.8621  0.8852  0.9101  0.9373  0.9672  1.0000
    10   biom      6.3445e+00 5.6991e-01  -0.7685  0.7922  0.8113  0.8318  0.8541  0.8781  0.9044  0.9332  0.9648  1.0000
    11   biom      6.3445e+00 5.4836e-01  -0.7987  0.7622  0.7806  0.8004  0.8218  0.8449  0.8702  0.8979  0.9284  0.9622  1.0000
    12   biom      6.4375e+00 4.5195e-01  -0.7085  0.7200  0.7374  0.7561  0.7763  0.7982  0.8221  0.8482  0.8770  0.9090  0.9447  1.0000
    13   biom      6.5305e+00 3.6477e-01  -0.5550  0.6384  0.6538  0.6704  0.6883  0.7077  0.7289  0.7521  0.7776  0.8059  0.8376  0.9117  1.0000
    14   biom      6.6236e+00 2.9511e-01  -0.2869  0.4756  0.4870  0.4994  0.5127  0.5272  0.5429  0.5602  0.5792  0.6003  0.6239  0.7223  0.8520  1.0000
    15   biom      6.6810e+00 2.8637e-01  -0.1202  0.3417  0.3500  0.3589  0.3684  0.3788  0.3902  0.4026  0.4162  0.4314  0.4484  0.5485  0.6850  0.8536  1.0000
    16   biom      6.7385e+00 2.7998e-01   0.0565  0.1978  0.2026  0.2077  0.2133  0.2193  0.2259  0.2330  0.2410  0.2497  0.2596  0.3606  0.5033  0.6920  0.8454  1.0000
    17   biom      6.7959e+00 2.7610e-01   0.2393  0.0468  0.0479  0.0491  0.0504  0.0518  0.0534  0.0551  0.0570  0.0590  0.0613  0.1624  0.3102  0.5182  0.6774  0.8395  1.0000
    18   biom      6.8191e+00 2.7353e-01   0.2323  0.0215  0.0220  0.0226  0.0232  0.0238  0.0245  0.0253  0.0262  0.0271  0.0282  0.1164  0.2462  0.4302  0.5700  0.7125  0.8538  1.0000
    19   biom      6.8423e+00 2.6342e-01   0.2317 -0.0044 -0.0045 -0.0046 -0.0047 -0.0049 -0.0050 -0.0052 -0.0053 -0.0055 -0.0058  0.0716  0.1861  0.3504  0.4737  0.5998  0.7251  0.8474  1.0000
    20   biom      6.8655e+00 2.4482e-01   0.2391 -0.0335 -0.0343 -0.0351 -0.0361 -0.0371 -0.0382 -0.0394 -0.0407 -0.0422 -0.0439  0.0240  0.1254  0.2733  0.3826  0.4946  0.6063  0.7063  0.8314  1.0000
    21   biom      6.8778e+00 2.4111e-01   0.1860 -0.0215 -0.0220 -0.0226 -0.0232 -0.0238 -0.0245 -0.0253 -0.0262 -0.0271 -0.0282  0.0265  0.1080  0.2264  0.3142  0.4042  0.4938  0.5758  0.6781  0.8160  1.0000
    22   biom      6.8901e+00 2.2717e-01   0.1371 -0.0096 -0.0098 -0.0101 -0.0103 -0.0106 -0.0109 -0.0113 -0.0117 -0.0121 -0.0126  0.0303  0.0940  0.1860  0.2547  0.3249  0.3948  0.4609  0.5434  0.6544  0.8033  1.0000
    23   biom      6.8977e+00 2.3734e-01   0.0615  0.0221  0.0226  0.0232  0.0238  0.0244  0.0252  0.0260  0.0269  0.0278  0.0289  0.0591  0.1029  0.1638  0.2110  0.2589  0.3063  0.3598  0.4263  0.5153  0.6378  0.7986  1.0000
    24   biom      6.9053e+00 2.3770e-01  -0.0082  0.0532  0.0545  0.0558  0.0573  0.0590  0.0607  0.0626  0.0648  0.0671  0.0698  0.0890  0.1155  0.1494  0.1779  0.2065  0.2342  0.2780  0.3319  0.4036  0.5059  0.6390  0.8066  1.0000
    25   biom      6.9177e+00 2.4956e-01  -0.0427  0.0654  0.0670  0.0687  0.0705  0.0725  0.0747  0.0770  0.0796  0.0825  0.0858  0.0982  0.1143  0.1323  0.1496  0.1665  0.1826  0.2186  0.2626  0.3209  0.4064  0.5168  0.6563  0.8167  1.0000
    26   biom      6.9302e+00 2.5224e-01  -0.0769  0.0793  0.0812  0.0832  0.0855  0.0879  0.0905  0.0934  0.0965  0.1001  0.1040  0.1105  0.1174  0.1210  0.1283  0.1349  0.1406  0.1706  0.2069  0.2546  0.3273  0.4203  0.5385  0.6737  0.8262  1.0000
    27   biom      6.9476e+00 2.6877e-01  -0.0801  0.0759  0.0777  0.0797  0.0818  0.0841  0.0867  0.0894  0.0924  0.0958  0.0996  0.1036  0.1070  0.1058  0.1093  0.1120  0.1139  0.1391  0.1695  0.2093  0.2709  0.3496  0.4497  0.5639  0.6921  0.8380  1.0000
    28   biom      6.9651e+00 2.7770e-01  -0.0851  0.0749  0.0767  0.0787  0.0808  0.0831  0.0855  0.0883  0.0913  0.0946  0.0983  0.1002  0.1004  0.0948  0.0950  0.0943  0.0927  0.1143  0.1401  0.1739  0.2272  0.2949  0.3813  0.4796  0.5891  0.7138  0.8516  1.0000
    29   biom      6.9826e+00 2.7977e-01  -0.0921  0.0758  0.0777  0.0796  0.0818  0.0841  0.0866  0.0893  0.0924  0.0957  0.0995  0.0993  0.0966  0.0867  0.0835  0.0796  0.0747  0.0933  0.1154  0.1441  0.1907  0.2496  0.3249  0.4103  0.5047  0.6120  0.7299  0.8569  1.0000
    30   biom      7.0000e+00 2.7513e-01  -0.1014  0.0786  0.0805  0.0825  0.0847  0.0871  0.0897  0.0926  0.0957  0.0992  0.1031  0.1009  0.0951  0.0805  0.0740  0.0666  0.0583  0.0743  0.0932  0.1176  0.1586  0.2099  0.2759  0.3504  0.4318  0.5242  0.6249  0.7334  0.8557  1.0000
    31   biom      7.0198e+00 2.7866e-01  -0.0995  0.0750  0.0768  0.0788  0.0809  0.0831  0.0856  0.0883  0.0913  0.0947  0.0984  0.0954  0.0884  0.0725  0.0648  0.0562  0.0467  0.0604  0.0766  0.0973  0.1330  0.1775  0.2348  0.2994  0.3693  0.4486  0.5346  0.6274  0.7319  0.8552  1.0000
    32   biom      7.0396e+00 2.7536e-01  -0.1002  0.0733  0.0750  0.0769  0.0790  0.0812  0.0836  0.0863  0.0892  0.0925  0.0961  0.0922  0.0839  0.0662  0.0571  0.0471  0.0362  0.0481  0.0619  0.0794  0.1107  0.1495  0.1996  0.2557  0.3159  0.3842  0.4577  0.5370  0.6263  0.7318  0.8553  1.0000
    33   biom      7.1076e+00 2.8267e-01   0.1810 -0.0998 -0.1022 -0.1048 -0.1076 -0.1107 -0.1140 -0.1176 -0.1216 -0.1260 -0.1310 -0.1104 -0.0766 -0.0203  0.0163  0.0548  0.0942  0.1023  0.1138  0.1306  0.1429  0.1626  0.1849  0.2138  0.2554  0.3040  0.3652  0.4308  0.5044  0.5909  0.6958  0.8178  1.0000
    34   biom      7.1756e+00 3.0436e-01   0.4269 -0.2517 -0.2578 -0.2643 -0.2714 -0.2790 -0.2874 -0.2965 -0.3066 -0.3178 -0.3303 -0.2884 -0.2181 -0.0976 -0.0214  0.0591  0.1421  0.1465  0.1554  0.1707  0.1652  0.1668  0.1628  0.1657  0.1886  0.2171  0.2643  0.3144  0.3702  0.4356  0.5186  0.6143  0.8376  1.0000
    35   biom      7.1996e+00 3.1812e-01   0.4531 -0.2689 -0.2754 -0.2824 -0.2899 -0.2981 -0.3070 -0.3168 -0.3276 -0.3395 -0.3528 -0.3091 -0.2356 -0.1089 -0.0292  0.0552  0.1422  0.1453  0.1527  0.1663  0.1568  0.1537  0.1433  0.1393  0.1555  0.1764  0.2160  0.2579  0.3045  0.3589  0.4292  0.5100  0.7247  0.8847  1.0000
    36   biom      7.2236e+00 3.2652e-01   0.4849 -0.2894 -0.2964 -0.3039 -0.3120 -0.3208 -0.3304 -0.3409 -0.3525 -0.3653 -0.3797 -0.3335 -0.2557 -0.1213 -0.0369  0.0524  0.1446  0.1465  0.1528  0.1650  0.1516  0.1439  0.1275  0.1170  0.1272  0.1414  0.1746  0.2095  0.2482  0.2933  0.3529  0.4212  0.6314  0.7917  0.8919  1.0000
    37   biom      7.2324e+00 3.4901e-01   0.4655 -0.2782 -0.2849 -0.2922 -0.3000 -0.3084 -0.3177 -0.3278 -0.3389 -0.3512 -0.3650 -0.3209 -0.2465 -0.1178 -0.0370  0.0484  0.1366  0.1381  0.1435  0.1546  0.1408  0.1322  0.1149  0.1030  0.1107  0.1220  0.1512  0.1818  0.2157  0.2552  0.3080  0.3683  0.5644  0.7151  0.8046  0.9012  1.0000
    38   biom      7.2412e+00 3.6721e-01   0.4536 -0.2716 -0.2781 -0.2852 -0.2928 -0.3010 -0.3100 -0.3199 -0.3308 -0.3428 -0.3563 -0.3134 -0.2411 -0.1161 -0.0376  0.0454  0.1311  0.1321  0.1370  0.1472  0.1328  0.1233  0.1050  0.0918  0.0974  0.1062  0.1322  0.1594  0.1894  0.2244  0.2716  0.3255  0.5113  0.6553  0.7363  0.8239  0.9115  1.0000
    39   biom      7.2412e+00 3.9867e-01   0.4178 -0.2501 -0.2562 -0.2627 -0.2697 -0.2773 -0.2856 -0.2946 -0.3046 -0.3157 -0.3282 -0.2887 -0.2221 -0.1069 -0.0347  0.0418  0.1208  0.1217  0.1262  0.1356  0.1223  0.1136  0.0967  0.0846  0.0897  0.0978  0.1217  0.1468  0.1745  0.2067  0.2502  0.2998  0.4710  0.6036  0.6782  0.7589  0.8395  0.9211  1.0000
    40   biom      7.2412e+00 4.2783e-01   0.3893 -0.2331 -0.2387 -0.2448 -0.2513 -0.2584 -0.2661 -0.2746 -0.2839 -0.2942 -0.3058 -0.2690 -0.2070 -0.0996 -0.0323  0.0390  0.1125  0.1134  0.1176  0.1263  0.1140  0.1059  0.0901  0.0788  0.0836  0.0911  0.1134  0.1368  0.1626  0.1926  0.2331  0.2794  0.4389  0.5625  0.6320  0.7071  0.7823  0.8583  0.9318  1.0000
    41   biomsd    6.3445e+00 7.1944e-01  -0.6088  1.0000  0.9764  0.9523  0.9275  0.9021  0.8759  0.8489  0.8210  0.7922  0.7622  0.7200  0.6384  0.4756  0.3417  0.1978  0.0468  0.0215 -0.0044 -0.0335 -0.0215 -0.0096  0.0221  0.0532  0.0654  0.0793  0.0759  0.0749  0.0758  0.0786  0.0750  0.0733 -0.0998 -0.2517 -0.2689 -0.2894 -0.2782 -0.2716 -0.2501 -0.2331  1.0000
    42   biomsd    6.3445e+00 7.0249e-01  -0.6235  0.9764  1.0000  0.9753  0.9499  0.9239  0.8970  0.8694  0.8408  0.8113  0.7806  0.7374  0.6538  0.4870  0.3500  0.2026  0.0479  0.0220 -0.0045 -0.0343 -0.0220 -0.0098  0.0226  0.0545  0.0670  0.0812  0.0777  0.0767  0.0777  0.0805  0.0768  0.0750 -0.1022 -0.2578 -0.2754 -0.2964 -0.2849 -0.2781 -0.2562 -0.2387  0.9764  1.0000
    43   biomsd    6.3445e+00 6.8513e-01  -0.6393  0.9523  0.9753  1.0000  0.9740  0.9473  0.9198  0.8914  0.8621  0.8318  0.8004  0.7561  0.6704  0.4994  0.3589  0.2077  0.0491  0.0226 -0.0046 -0.0351 -0.0226 -0.0101  0.0232  0.0558  0.0687  0.0832  0.0797  0.0787  0.0796  0.0825  0.0788  0.0769 -0.1048 -0.2643 -0.2824 -0.3039 -0.2922 -0.2852 -0.2627 -0.2448  0.9523  0.9753  1.0000
    44   biomsd    6.3445e+00 6.6731e-01  -0.6564  0.9275  0.9499  0.9740  1.0000  0.9726  0.9443  0.9152  0.8852  0.8541  0.8218  0.7763  0.6883  0.5127  0.3684  0.2133  0.0504  0.0232 -0.0047 -0.0361 -0.0232 -0.0103  0.0238  0.0573  0.0705  0.0855  0.0818  0.0808  0.0818  0.0847  0.0809  0.0790 -0.1076 -0.2714 -0.2899 -0.3120 -0.3000 -0.2928 -0.2697 -0.2513  0.9275  0.9499  0.9740  1.0000
    45   biomsd    6.3445e+00 6.4900e-01  -0.6749  0.9021  0.9239  0.9473  0.9726  1.0000  0.9710  0.9410  0.9101  0.8781  0.8449  0.7982  0.7077  0.5272  0.3788  0.2193  0.0518  0.0238 -0.0049 -0.0371 -0.0238 -0.0106  0.0244  0.0590  0.0725  0.0879  0.0841  0.0831  0.0841  0.0871  0.0831  0.0812 -0.1107 -0.2790 -0.2981 -0.3208 -0.3084 -0.3010 -0.2773 -0.2584  0.9021  0.9239  0.9473  0.9726  1.0000
    46   biomsd    6.3445e+00 6.3016e-01  -0.6951  0.8759  0.8970  0.9198  0.9443  0.9710  1.0000  0.9692  0.9373  0.9044  0.8702  0.8221  0.7289  0.5429  0.3902  0.2259  0.0534  0.0245 -0.0050 -0.0382 -0.0245 -0.0109  0.0252  0.0607  0.0747  0.0905  0.0867  0.0855  0.0866  0.0897  0.0856  0.0836 -0.1140 -0.2874 -0.3070 -0.3304 -0.3177 -0.3100 -0.2856 -0.2661  0.8759  0.8970  0.9198  0.9443  0.9710  1.0000
    47   biomsd    6.3445e+00 6.1073e-01  -0.7172  0.8489  0.8694  0.8914  0.9152  0.9410  0.9692  1.0000  0.9672  0.9332  0.8979  0.8482  0.7521  0.5602  0.4026  0.2330  0.0551  0.0253 -0.0052 -0.0394 -0.0253 -0.0113  0.0260  0.0626  0.0770  0.0934  0.0894  0.0883  0.0893  0.0926  0.0883  0.0863 -0.1176 -0.2965 -0.3168 -0.3409 -0.3278 -0.3199 -0.2946 -0.2746  0.8489  0.8694  0.8914  0.9152  0.9410  0.9692  1.0000
    48   biomsd    6.3445e+00 5.9068e-01  -0.7415  0.8210  0.8408  0.8621  0.8852  0.9101  0.9373  0.9672  1.0000  0.9648  0.9284  0.8770  0.7776  0.5792  0.4162  0.2410  0.0570  0.0262 -0.0053 -0.0407 -0.0262 -0.0117  0.0269  0.0648  0.0796  0.0965  0.0924  0.0913  0.0924  0.0957  0.0913  0.0892 -0.1216 -0.3066 -0.3276 -0.3525 -0.3389 -0.3308 -0.3046 -0.2839  0.8210  0.8408  0.8621  0.8852  0.9101  0.9373  0.9672  1.0000
    49   biomsd    6.3445e+00 5.6991e-01  -0.7685  0.7922  0.8113  0.8318  0.8541  0.8781  0.9044  0.9332  0.9648  1.0000  0.9622  0.9090  0.8059  0.6003  0.4314  0.2497  0.0590  0.0271 -0.0055 -0.0422 -0.0271 -0.0121  0.0278  0.0671  0.0825  0.1001  0.0958  0.0946  0.0957  0.0992  0.0947  0.0925 -0.1260 -0.3178 -0.3395 -0.3653 -0.3512 -0.3428 -0.3157 -0.2942  0.7922  0.8113  0.8318  0.8541  0.8781  0.9044  0.9332  0.9648  1.0000
    50   biomsd    6.3445e+00 5.4836e-01  -0.7987  0.7622  0.7806  0.8004  0.8218  0.8449  0.8702  0.8979  0.9284  0.9622  1.0000  0.9447  0.8376  0.6239  0.4484  0.2596  0.0613  0.0282 -0.0058 -0.0439 -0.0282 -0.0126  0.0289  0.0698  0.0858  0.1040  0.0996  0.0983  0.0995  0.1031  0.0984  0.0961 -0.1310 -0.3303 -0.3528 -0.3797 -0.3650 -0.3563 -0.3282 -0.3058  0.7622  0.7806  0.8004  0.8218  0.8449  0.8702  0.8979  0.9284  0.9622  1.0000
    51   biomsd    6.4375e+00 4.5195e-01  -0.7085  0.7200  0.7374  0.7561  0.7763  0.7982  0.8221  0.8482  0.8770  0.9090  0.9447  1.0000  0.9117  0.7223  0.5485  0.3606  0.1624  0.1164  0.0716  0.0240  0.0265  0.0303  0.0591  0.0890  0.0982  0.1105  0.1036  0.1002  0.0993  0.1009  0.0954  0.0922 -0.1104 -0.2884 -0.3091 -0.3335 -0.3209 -0.3134 -0.2887 -0.2690  0.7200  0.7374  0.7561  0.7763  0.7982  0.8221  0.8482  0.8770  0.9090  0.9447  1.0000
    52   biomsd    6.5305e+00 3.6477e-01  -0.5550  0.6384  0.6538  0.6704  0.6883  0.7077  0.7289  0.7521  0.7776  0.8059  0.8376  0.9117  1.0000  0.8520  0.6850  0.5033  0.3102  0.2462  0.1861  0.1254  0.1080  0.0940  0.1029  0.1155  0.1143  0.1174  0.1070  0.1004  0.0966  0.0951  0.0884  0.0839 -0.0766 -0.2181 -0.2356 -0.2557 -0.2465 -0.2411 -0.2221 -0.2070  0.6384  0.6538  0.6704  0.6883  0.7077  0.7289  0.7521  0.7776  0.8059  0.8376  0.9117  1.0000
    53   biomsd    6.6236e+00 2.9511e-01  -0.2869  0.4756  0.4870  0.4994  0.5127  0.5272  0.5429  0.5602  0.5792  0.6003  0.6239  0.7223  0.8520  1.0000  0.8536  0.6920  0.5182  0.4302  0.3504  0.2733  0.2264  0.1860  0.1638  0.1494  0.1323  0.1210  0.1058  0.0948  0.0867  0.0805  0.0725  0.0662 -0.0203 -0.0976 -0.1089 -0.1213 -0.1178 -0.1161 -0.1069 -0.0996  0.4756  0.4870  0.4994  0.5127  0.5272  0.5429  0.5602  0.5792  0.6003  0.6239  0.7223  0.8520  1.0000
    54   biomsd    6.6810e+00 2.8637e-01  -0.1202  0.3417  0.3500  0.3589  0.3684  0.3788  0.3902  0.4026  0.4162  0.4314  0.4484  0.5485  0.6850  0.8536  1.0000  0.8454  0.6774  0.5700  0.4737  0.3826  0.3142  0.2547  0.2110  0.1779  0.1496  0.1283  0.1093  0.0950  0.0835  0.0740  0.0648  0.0571  0.0163 -0.0214 -0.0292 -0.0369 -0.0370 -0.0376 -0.0347 -0.0323  0.3417  0.3500  0.3589  0.3684  0.3788  0.3902  0.4026  0.4162  0.4314  0.4484  0.5485  0.6850  0.8536  1.0000
    55   biomsd    6.7385e+00 2.7998e-01   0.0565  0.1978  0.2026  0.2077  0.2133  0.2193  0.2259  0.2330  0.2410  0.2497  0.2596  0.3606  0.5033  0.6920  0.8454  1.0000  0.8395  0.7125  0.5998  0.4946  0.4042  0.3249  0.2589  0.2065  0.1665  0.1349  0.1120  0.0943  0.0796  0.0666  0.0562  0.0471  0.0548  0.0591  0.0552  0.0524  0.0484  0.0454  0.0418  0.0390  0.1978  0.2026  0.2077  0.2133  0.2193  0.2259  0.2330  0.2410  0.2497  0.2596  0.3606  0.5033  0.6920  0.8454  1.0000
    56   biomsd    6.7959e+00 2.7610e-01   0.2393  0.0468  0.0479  0.0491  0.0504  0.0518  0.0534  0.0551  0.0570  0.0590  0.0613  0.1624  0.3102  0.5182  0.6774  0.8395  1.0000  0.8538  0.7251  0.6063  0.4938  0.3948  0.3063  0.2342  0.1826  0.1406  0.1139  0.0927  0.0747  0.0583  0.0467  0.0362  0.0942  0.1421  0.1422  0.1446  0.1366  0.1311  0.1208  0.1125  0.0468  0.0479  0.0491  0.0504  0.0518  0.0534  0.0551  0.0570  0.0590  0.0613  0.1624  0.3102  0.5182  0.6774  0.8395  1.0000
    57   biomsd    6.8191e+00 2.7353e-01   0.2323  0.0215  0.0220  0.0226  0.0232  0.0238  0.0245  0.0253  0.0262  0.0271  0.0282  0.1164  0.2462  0.4302  0.5700  0.7125  0.8538  1.0000  0.8474  0.7063  0.5758  0.4609  0.3598  0.2780  0.2186  0.1706  0.1391  0.1143  0.0933  0.0743  0.0604  0.0481  0.1023  0.1465  0.1453  0.1465  0.1381  0.1321  0.1217  0.1134  0.0215  0.0220  0.0226  0.0232  0.0238  0.0245  0.0253  0.0262  0.0271  0.0282  0.1164  0.2462  0.4302  0.5700  0.7125  0.8538  1.0000
    58   biomsd    6.8423e+00 2.6342e-01   0.2317 -0.0044 -0.0045 -0.0046 -0.0047 -0.0049 -0.0050 -0.0052 -0.0053 -0.0055 -0.0058  0.0716  0.1861  0.3504  0.4737  0.5998  0.7251  0.8474  1.0000  0.8314  0.6781  0.5434  0.4263  0.3319  0.2626  0.2069  0.1695  0.1401  0.1154  0.0932  0.0766  0.0619  0.1138  0.1554  0.1527  0.1528  0.1435  0.1370  0.1262  0.1176 -0.0044 -0.0045 -0.0046 -0.0047 -0.0049 -0.0050 -0.0052 -0.0053 -0.0055 -0.0058  0.0716  0.1861  0.3504  0.4737  0.5998  0.7251  0.8474  1.0000
    59   biomsd    6.8655e+00 2.4482e-01   0.2391 -0.0335 -0.0343 -0.0351 -0.0361 -0.0371 -0.0382 -0.0394 -0.0407 -0.0422 -0.0439  0.0240  0.1254  0.2733  0.3826  0.4946  0.6063  0.7063  0.8314  1.0000  0.8160  0.6544  0.5153  0.4036  0.3209  0.2546  0.2093  0.1739  0.1441  0.1176  0.0973  0.0794  0.1306  0.1707  0.1663  0.1650  0.1546  0.1472  0.1356  0.1263 -0.0335 -0.0343 -0.0351 -0.0361 -0.0371 -0.0382 -0.0394 -0.0407 -0.0422 -0.0439  0.0240  0.1254  0.2733  0.3826  0.4946  0.6063  0.7063  0.8314  1.0000
    60   biomsd    6.8778e+00 2.4111e-01   0.1860 -0.0215 -0.0220 -0.0226 -0.0232 -0.0238 -0.0245 -0.0253 -0.0262 -0.0271 -0.0282  0.0265  0.1080  0.2264  0.3142  0.4042  0.4938  0.5758  0.6781  0.8160  1.0000  0.8033  0.6378  0.5059  0.4064  0.3273  0.2709  0.2272  0.1907  0.1586  0.1330  0.1107  0.1429  0.1652  0.1568  0.1516  0.1408  0.1328  0.1223  0.1140 -0.0215 -0.0220 -0.0226 -0.0232 -0.0238 -0.0245 -0.0253 -0.0262 -0.0271 -0.0282  0.0265  0.1080  0.2264  0.3142  0.4042  0.4938  0.5758  0.6781  0.8160  1.0000
    61   biomsd    6.8901e+00 2.2717e-01   0.1371 -0.0096 -0.0098 -0.0101 -0.0103 -0.0106 -0.0109 -0.0113 -0.0117 -0.0121 -0.0126  0.0303  0.0940  0.1860  0.2547  0.3249  0.3948  0.4609  0.5434  0.6544  0.8033  1.0000  0.7986  0.6390  0.5168  0.4203  0.3496  0.2949  0.2496  0.2099  0.1775  0.1495  0.1626  0.1668  0.1537  0.1439  0.1322  0.1233  0.1136  0.1059 -0.0096 -0.0098 -0.0101 -0.0103 -0.0106 -0.0109 -0.0113 -0.0117 -0.0121 -0.0126  0.0303  0.0940  0.1860  0.2547  0.3249  0.3948  0.4609  0.5434  0.6544  0.8033  1.0000
    62   biomsd    6.8977e+00 2.3734e-01   0.0615  0.0221  0.0226  0.0232  0.0238  0.0244  0.0252  0.0260  0.0269  0.0278  0.0289  0.0591  0.1029  0.1638  0.2110  0.2589  0.3063  0.3598  0.4263  0.5153  0.6378  0.7986  1.0000  0.8066  0.6563  0.5385  0.4497  0.3813  0.3249  0.2759  0.2348  0.1996  0.1849  0.1628  0.1433  0.1275  0.1149  0.1050  0.0967  0.0901  0.0221  0.0226  0.0232  0.0238  0.0244  0.0252  0.0260  0.0269  0.0278  0.0289  0.0591  0.1029  0.1638  0.2110  0.2589  0.3063  0.3598  0.4263  0.5153  0.6378  0.7986  1.0000
    63   biomsd    6.9053e+00 2.3770e-01  -0.0082  0.0532  0.0545  0.0558  0.0573  0.0590  0.0607  0.0626  0.0648  0.0671  0.0698  0.0890  0.1155  0.1494  0.1779  0.2065  0.2342  0.2780  0.3319  0.4036  0.5059  0.6390  0.8066  1.0000  0.8167  0.6737  0.5639  0.4796  0.4103  0.3504  0.2994  0.2557  0.2138  0.1657  0.1393  0.1170  0.1030  0.0918  0.0846  0.0788  0.0532  0.0545  0.0558  0.0573  0.0590  0.0607  0.0626  0.0648  0.0671  0.0698  0.0890  0.1155  0.1494  0.1779  0.2065  0.2342  0.2780  0.3319  0.4036  0.5059  0.6390  0.8066  1.0000
    64   biomsd    6.9177e+00 2.4956e-01  -0.0427  0.0654  0.0670  0.0687  0.0705  0.0725  0.0747  0.0770  0.0796  0.0825  0.0858  0.0982  0.1143  0.1323  0.1496  0.1665  0.1826  0.2186  0.2626  0.3209  0.4064  0.5168  0.6563  0.8167  1.0000  0.8262  0.6921  0.5891  0.5047  0.4318  0.3693  0.3159  0.2554  0.1886  0.1555  0.1272  0.1107  0.0974  0.0897  0.0836  0.0654  0.0670  0.0687  0.0705  0.0725  0.0747  0.0770  0.0796  0.0825  0.0858  0.0982  0.1143  0.1323  0.1496  0.1665  0.1826  0.2186  0.2626  0.3209  0.4064  0.5168  0.6563  0.8167  1.0000
    65   biomsd    6.9302e+00 2.5224e-01  -0.0769  0.0793  0.0812  0.0832  0.0855  0.0879  0.0905  0.0934  0.0965  0.1001  0.1040  0.1105  0.1174  0.1210  0.1283  0.1349  0.1406  0.1706  0.2069  0.2546  0.3273  0.4203  0.5385  0.6737  0.8262  1.0000  0.8380  0.7138  0.6120  0.5242  0.4486  0.3842  0.3040  0.2171  0.1764  0.1414  0.1220  0.1062  0.0978  0.0911  0.0793  0.0812  0.0832  0.0855  0.0879  0.0905  0.0934  0.0965  0.1001  0.1040  0.1105  0.1174  0.1210  0.1283  0.1349  0.1406  0.1706  0.2069  0.2546  0.3273  0.4203  0.5385  0.6737  0.8262  1.0000
    66   biomsd    6.9476e+00 2.6877e-01  -0.0801  0.0759  0.0777  0.0797  0.0818  0.0841  0.0867  0.0894  0.0924  0.0958  0.0996  0.1036  0.1070  0.1058  0.1093  0.1120  0.1139  0.1391  0.1695  0.2093  0.2709  0.3496  0.4497  0.5639  0.6921  0.8380  1.0000  0.8516  0.7299  0.6249  0.5346  0.4577  0.3652  0.2643  0.2160  0.1746  0.1512  0.1322  0.1217  0.1134  0.0759  0.0777  0.0797  0.0818  0.0841  0.0867  0.0894  0.0924  0.0958  0.0996  0.1036  0.1070  0.1058  0.1093  0.1120  0.1139  0.1391  0.1695  0.2093  0.2709  0.3496  0.4497  0.5639  0.6921  0.8380  1.0000
    67   biomsd    6.9651e+00 2.7770e-01  -0.0851  0.0749  0.0767  0.0787  0.0808  0.0831  0.0855  0.0883  0.0913  0.0946  0.0983  0.1002  0.1004  0.0948  0.0950  0.0943  0.0927  0.1143  0.1401  0.1739  0.2272  0.2949  0.3813  0.4796  0.5891  0.7138  0.8516  1.0000  0.8569  0.7334  0.6274  0.5370  0.4308  0.3144  0.2579  0.2095  0.1818  0.1594  0.1468  0.1368  0.0749  0.0767  0.0787  0.0808  0.0831  0.0855  0.0883  0.0913  0.0946  0.0983  0.1002  0.1004  0.0948  0.0950  0.0943  0.0927  0.1143  0.1401  0.1739  0.2272  0.2949  0.3813  0.4796  0.5891  0.7138  0.8516  1.0000
    68   biomsd    6.9826e+00 2.7977e-01  -0.0921  0.0758  0.0777  0.0796  0.0818  0.0841  0.0866  0.0893  0.0924  0.0957  0.0995  0.0993  0.0966  0.0867  0.0835  0.0796  0.0747  0.0933  0.1154  0.1441  0.1907  0.2496  0.3249  0.4103  0.5047  0.6120  0.7299  0.8569  1.0000  0.8557  0.7319  0.6263  0.5044  0.3702  0.3045  0.2482  0.2157  0.1894  0.1745  0.1626  0.0758  0.0777  0.0796  0.0818  0.0841  0.0866  0.0893  0.0924  0.0957  0.0995  0.0993  0.0966  0.0867  0.0835  0.0796  0.0747  0.0933  0.1154  0.1441  0.1907  0.2496  0.3249  0.4103  0.5047  0.6120  0.7299  0.8569  1.0000
    69   biomsd    7.0000e+00 2.7513e-01  -0.1014  0.0786  0.0805  0.0825  0.0847  0.0871  0.0897  0.0926  0.0957  0.0992  0.1031  0.1009  0.0951  0.0805  0.0740  0.0666  0.0583  0.0743  0.0932  0.1176  0.1586  0.2099  0.2759  0.3504  0.4318  0.5242  0.6249  0.7334  0.8557  1.0000  0.8552  0.7318  0.5909  0.4356  0.3589  0.2933  0.2552  0.2244  0.2067  0.1926  0.0786  0.0805  0.0825  0.0847  0.0871  0.0897  0.0926  0.0957  0.0992  0.1031  0.1009  0.0951  0.0805  0.0740  0.0666  0.0583  0.0743  0.0932  0.1176  0.1586  0.2099  0.2759  0.3504  0.4318  0.5242  0.6249  0.7334  0.8557  1.0000
    70   biomsd    7.0198e+00 2.7866e-01  -0.0995  0.0750  0.0768  0.0788  0.0809  0.0831  0.0856  0.0883  0.0913  0.0947  0.0984  0.0954  0.0884  0.0725  0.0648  0.0562  0.0467  0.0604  0.0766  0.0973  0.1330  0.1775  0.2348  0.2994  0.3693  0.4486  0.5346  0.6274  0.7319  0.8552  1.0000  0.8553  0.6958  0.5186  0.4292  0.3529  0.3080  0.2716  0.2502  0.2331  0.0750  0.0768  0.0788  0.0809  0.0831  0.0856  0.0883  0.0913  0.0947  0.0984  0.0954  0.0884  0.0725  0.0648  0.0562  0.0467  0.0604  0.0766  0.0973  0.1330  0.1775  0.2348  0.2994  0.3693  0.4486  0.5346  0.6274  0.7319  0.8552  1.0000
    71   biomsd    7.0396e+00 2.7536e-01  -0.1002  0.0733  0.0750  0.0769  0.0790  0.0812  0.0836  0.0863  0.0892  0.0925  0.0961  0.0922  0.0839  0.0662  0.0571  0.0471  0.0362  0.0481  0.0619  0.0794  0.1107  0.1495  0.1996  0.2557  0.3159  0.3842  0.4577  0.5370  0.6263  0.7318  0.8553  1.0000  0.8178  0.6143  0.5100  0.4212  0.3683  0.3255  0.2998  0.2794  0.0733  0.0750  0.0769  0.0790  0.0812  0.0836  0.0863  0.0892  0.0925  0.0961  0.0922  0.0839  0.0662  0.0571  0.0471  0.0362  0.0481  0.0619  0.0794  0.1107  0.1495  0.1996  0.2557  0.3159  0.3842  0.4577  0.5370  0.6263  0.7318  0.8553  1.0000
    72   biomsd    7.1076e+00 2.8267e-01   0.1810 -0.0998 -0.1022 -0.1048 -0.1076 -0.1107 -0.1140 -0.1176 -0.1216 -0.1260 -0.1310 -0.1104 -0.0766 -0.0203  0.0163  0.0548  0.0942  0.1023  0.1138  0.1306  0.1429  0.1626  0.1849  0.2138  0.2554  0.3040  0.3652  0.4308  0.5044  0.5909  0.6958  0.8178  1.0000  0.8376  0.7247  0.6314  0.5644  0.5113  0.4710  0.4389 -0.0998 -0.1022 -0.1048 -0.1076 -0.1107 -0.1140 -0.1176 -0.1216 -0.1260 -0.1310 -0.1104 -0.0766 -0.0203  0.0163  0.0548  0.0942  0.1023  0.1138  0.1306  0.1429  0.1626  0.1849  0.2138  0.2554  0.3040  0.3652  0.4308  0.5044  0.5909  0.6958  0.8178  1.0000
    73   biomsd    7.1756e+00 3.0436e-01   0.4269 -0.2517 -0.2578 -0.2643 -0.2714 -0.2790 -0.2874 -0.2965 -0.3066 -0.3178 -0.3303 -0.2884 -0.2181 -0.0976 -0.0214  0.0591  0.1421  0.1465  0.1554  0.1707  0.1652  0.1668  0.1628  0.1657  0.1886  0.2171  0.2643  0.3144  0.3702  0.4356  0.5186  0.6143  0.8376  1.0000  0.8847  0.7917  0.7151  0.6553  0.6036  0.5625 -0.2517 -0.2578 -0.2643 -0.2714 -0.2790 -0.2874 -0.2965 -0.3066 -0.3178 -0.3303 -0.2884 -0.2181 -0.0976 -0.0214  0.0591  0.1421  0.1465  0.1554  0.1707  0.1652  0.1668  0.1628  0.1657  0.1886  0.2171  0.2643  0.3144  0.3702  0.4356  0.5186  0.6143  0.8376  1.0000
    74   biomsd    7.1996e+00 3.1812e-01   0.4531 -0.2689 -0.2754 -0.2824 -0.2899 -0.2981 -0.3070 -0.3168 -0.3276 -0.3395 -0.3528 -0.3091 -0.2356 -0.1089 -0.0292  0.0552  0.1422  0.1453  0.1527  0.1663  0.1568  0.1537  0.1433  0.1393  0.1555  0.1764  0.2160  0.2579  0.3045  0.3589  0.4292  0.5100  0.7247  0.8847  1.0000  0.8919  0.8046  0.7363  0.6782  0.6320 -0.2689 -0.2754 -0.2824 -0.2899 -0.2981 -0.3070 -0.3168 -0.3276 -0.3395 -0.3528 -0.3091 -0.2356 -0.1089 -0.0292  0.0552  0.1422  0.1453  0.1527  0.1663  0.1568  0.1537  0.1433  0.1393  0.1555  0.1764  0.2160  0.2579  0.3045  0.3589  0.4292  0.5100  0.7247  0.8847  1.0000
    75   biomsd    7.2236e+00 3.2652e-01   0.4849 -0.2894 -0.2964 -0.3039 -0.3120 -0.3208 -0.3304 -0.3409 -0.3525 -0.3653 -0.3797 -0.3335 -0.2557 -0.1213 -0.0369  0.0524  0.1446  0.1465  0.1528  0.1650  0.1516  0.1439  0.1275  0.1170  0.1272  0.1414  0.1746  0.2095  0.2482  0.2933  0.3529  0.4212  0.6314  0.7917  0.8919  1.0000  0.9012  0.8239  0.7589  0.7071 -0.2894 -0.2964 -0.3039 -0.3120 -0.3208 -0.3304 -0.3409 -0.3525 -0.3653 -0.3797 -0.3335 -0.2557 -0.1213 -0.0369  0.0524  0.1446  0.1465  0.1528  0.1650  0.1516  0.1439  0.1275  0.1170  0.1272  0.1414  0.1746  0.2095  0.2482  0.2933  0.3529  0.4212  0.6314  0.7917  0.8919  1.0000
    76   biomsd    7.2324e+00 3.4901e-01   0.4655 -0.2782 -0.2849 -0.2922 -0.3000 -0.3084 -0.3177 -0.3278 -0.3389 -0.3512 -0.3650 -0.3209 -0.2465 -0.1178 -0.0370  0.0484  0.1366  0.1381  0.1435  0.1546  0.1408  0.1322  0.1149  0.1030  0.1107  0.1220  0.1512  0.1818  0.2157  0.2552  0.3080  0.3683  0.5644  0.7151  0.8046  0.9012  1.0000  0.9115  0.8395  0.7823 -0.2782 -0.2849 -0.2922 -0.3000 -0.3084 -0.3177 -0.3278 -0.3389 -0.3512 -0.3650 -0.3209 -0.2465 -0.1178 -0.0370  0.0484  0.1366  0.1381  0.1435  0.1546  0.1408  0.1322  0.1149  0.1030  0.1107  0.1220  0.1512  0.1818  0.2157  0.2552  0.3080  0.3683  0.5644  0.7151  0.8046  0.9012  1.0000
    77   biomsd    7.2412e+00 3.6721e-01   0.4536 -0.2716 -0.2781 -0.2852 -0.2928 -0.3010 -0.3100 -0.3199 -0.3308 -0.3428 -0.3563 -0.3134 -0.2411 -0.1161 -0.0376  0.0454  0.1311  0.1321  0.1370  0.1472  0.1328  0.1233  0.1050  0.0918  0.0974  0.1062  0.1322  0.1594  0.1894  0.2244  0.2716  0.3255  0.5113  0.6553  0.7363  0.8239  0.9115  1.0000  0.9211  0.8583 -0.2716 -0.2781 -0.2852 -0.2928 -0.3010 -0.3100 -0.3199 -0.3308 -0.3428 -0.3563 -0.3134 -0.2411 -0.1161 -0.0376  0.0454  0.1311  0.1321  0.1370  0.1472  0.1328  0.1233  0.1050  0.0918  0.0974  0.1062  0.1322  0.1594  0.1894  0.2244  0.2716  0.3255  0.5113  0.6553  0.7363  0.8239  0.9115  1.0000
    78   biomsd    7.2412e+00 3.9867e-01   0.4178 -0.2501 -0.2562 -0.2627 -0.2697 -0.2773 -0.2856 -0.2946 -0.3046 -0.3157 -0.3282 -0.2887 -0.2221 -0.1069 -0.0347  0.0418  0.1208  0.1217  0.1262  0.1356  0.1223  0.1136  0.0967  0.0846  0.0897  0.0978  0.1217  0.1468  0.1745  0.2067  0.2502  0.2998  0.4710  0.6036  0.6782  0.7589  0.8395  0.9211  1.0000  0.9318 -0.2501 -0.2562 -0.2627 -0.2697 -0.2773 -0.2856 -0.2946 -0.3046 -0.3157 -0.3282 -0.2887 -0.2221 -0.1069 -0.0347  0.0418  0.1208  0.1217  0.1262  0.1356  0.1223  0.1136  0.0967  0.0846  0.0897  0.0978  0.1217  0.1468  0.1745  0.2067  0.2502  0.2998  0.4710  0.6036  0.6782  0.7589  0.8395  0.9211  1.0000
    79   biomsd    7.2412e+00 4.2783e-01   0.3893 -0.2331 -0.2387 -0.2448 -0.2513 -0.2584 -0.2661 -0.2746 -0.2839 -0.2942 -0.3058 -0.2690 -0.2070 -0.0996 -0.0323  0.0390  0.1125  0.1134  0.1176  0.1263  0.1140  0.1059  0.0901  0.0788  0.0836  0.0911  0.1134  0.1368  0.1626  0.1926  0.2331  0.2794  0.4389  0.5625  0.6320  0.7071  0.7823  0.8583  0.9318  1.0000 -0.2331 -0.2387 -0.2448 -0.2513 -0.2584 -0.2661 -0.2746 -0.2839 -0.2942 -0.3058 -0.2690 -0.2070 -0.0996 -0.0323  0.0390  0.1125  0.1134  0.1176  0.1263  0.1140  0.1059  0.0901  0.0788  0.0836  0.0911  0.1134  0.1368  0.1626  0.1926  0.2331  0.2794  0.4389  0.5625  0.6320  0.7071  0.7823  0.8583  0.9318  1.0000
    80   biomA     5.6938e+02 4.0964e+02  -0.6088  1.0000  0.9764  0.9523  0.9275  0.9021  0.8759  0.8489  0.8210  0.7922  0.7622  0.7200  0.6384  0.4756  0.3417  0.1978  0.0468  0.0215 -0.0044 -0.0335 -0.0215 -0.0096  0.0221  0.0532  0.0654  0.0793  0.0759  0.0749  0.0758  0.0786  0.0750  0.0733 -0.0998 -0.2517 -0.2689 -0.2894 -0.2782 -0.2716 -0.2501 -0.2331  1.0000  0.9764  0.9523  0.9275  0.9021  0.8759  0.8489  0.8210  0.7922  0.7622  0.7200  0.6384  0.4756  0.3417  0.1978  0.0468  0.0215 -0.0044 -0.0335 -0.0215 -0.0096  0.0221  0.0532  0.0654  0.0793  0.0759  0.0749  0.0758  0.0786  0.0750  0.0733 -0.0998 -0.2517 -0.2689 -0.2894 -0.2782 -0.2716 -0.2501 -0.2331  1.0000
    81   biomA     5.6938e+02 3.9999e+02  -0.6235  0.9764  1.0000  0.9753  0.9499  0.9239  0.8970  0.8694  0.8408  0.8113  0.7806  0.7374  0.6538  0.4870  0.3500  0.2026  0.0479  0.0220 -0.0045 -0.0343 -0.0220 -0.0098  0.0226  0.0545  0.0670  0.0812  0.0777  0.0767  0.0777  0.0805  0.0768  0.0750 -0.1022 -0.2578 -0.2754 -0.2964 -0.2849 -0.2781 -0.2562 -0.2387  0.9764  1.0000  0.9753  0.9499  0.9239  0.8970  0.8694  0.8408  0.8113  0.7806  0.7374  0.6538  0.4870  0.3500  0.2026  0.0479  0.0220 -0.0045 -0.0343 -0.0220 -0.0098  0.0226  0.0545  0.0670  0.0812  0.0777  0.0767  0.0777  0.0805  0.0768  0.0750 -0.1022 -0.2578 -0.2754 -0.2964 -0.2849 -0.2781 -0.2562 -0.2387  0.9764  1.0000
    82   biomA     5.6938e+02 3.9010e+02  -0.6393  0.9523  0.9753  1.0000  0.9740  0.9473  0.9198  0.8914  0.8621  0.8318  0.8004  0.7561  0.6704  0.4994  0.3589  0.2077  0.0491  0.0226 -0.0046 -0.0351 -0.0226 -0.0101  0.0232  0.0558  0.0687  0.0832  0.0797  0.0787  0.0796  0.0825  0.0788  0.0769 -0.1048 -0.2643 -0.2824 -0.3039 -0.2922 -0.2852 -0.2627 -0.2448  0.9523  0.9753  1.0000  0.9740  0.9473  0.9198  0.8914  0.8621  0.8318  0.8004  0.7561  0.6704  0.4994  0.3589  0.2077  0.0491  0.0226 -0.0046 -0.0351 -0.0226 -0.0101  0.0232  0.0558  0.0687  0.0832  0.0797  0.0787  0.0796  0.0825  0.0788  0.0769 -0.1048 -0.2643 -0.2824 -0.3039 -0.2922 -0.2852 -0.2627 -0.2448  0.9523  0.9753  1.0000
    83   biomA     5.6938e+02 3.7995e+02  -0.6564  0.9275  0.9499  0.9740  1.0000  0.9726  0.9443  0.9152  0.8852  0.8541  0.8218  0.7763  0.6883  0.5127  0.3684  0.2133  0.0504  0.0232 -0.0047 -0.0361 -0.0232 -0.0103  0.0238  0.0573  0.0705  0.0855  0.0818  0.0808  0.0818  0.0847  0.0809  0.0790 -0.1076 -0.2714 -0.2899 -0.3120 -0.3000 -0.2928 -0.2697 -0.2513  0.9275  0.9499  0.9740  1.0000  0.9726  0.9443  0.9152  0.8852  0.8541  0.8218  0.7763  0.6883  0.5127  0.3684  0.2133  0.0504  0.0232 -0.0047 -0.0361 -0.0232 -0.0103  0.0238  0.0573  0.0705  0.0855  0.0818  0.0808  0.0818  0.0847  0.0809  0.0790 -0.1076 -0.2714 -0.2899 -0.3120 -0.3000 -0.2928 -0.2697 -0.2513  0.9275  0.9499  0.9740  1.0000
    84   biomA     5.6938e+02 3.6953e+02  -0.6749  0.9021  0.9239  0.9473  0.9726  1.0000  0.9710  0.9410  0.9101  0.8781  0.8449  0.7982  0.7077  0.5272  0.3788  0.2193  0.0518  0.0238 -0.0049 -0.0371 -0.0238 -0.0106  0.0244  0.0590  0.0725  0.0879  0.0841  0.0831  0.0841  0.0871  0.0831  0.0812 -0.1107 -0.2790 -0.2981 -0.3208 -0.3084 -0.3010 -0.2773 -0.2584  0.9021  0.9239  0.9473  0.9726  1.0000  0.9710  0.9410  0.9101  0.8781  0.8449  0.7982  0.7077  0.5272  0.3788  0.2193  0.0518  0.0238 -0.0049 -0.0371 -0.0238 -0.0106  0.0244  0.0590  0.0725  0.0879  0.0841  0.0831  0.0841  0.0871  0.0831  0.0812 -0.1107 -0.2790 -0.2981 -0.3208 -0.3084 -0.3010 -0.2773 -0.2584  0.9021  0.9238  0.9473  0.9726  1.0000
    85   biomA     5.6938e+02 3.5880e+02  -0.6951  0.8759  0.8970  0.9198  0.9443  0.9710  1.0000  0.9692  0.9374  0.9044  0.8702  0.8221  0.7289  0.5430  0.3902  0.2259  0.0534  0.0245 -0.0050 -0.0382 -0.0245 -0.0109  0.0252  0.0607  0.0747  0.0905  0.0867  0.0855  0.0866  0.0897  0.0856  0.0836 -0.1140 -0.2874 -0.3070 -0.3304 -0.3177 -0.3100 -0.2856 -0.2661  0.8759  0.8970  0.9198  0.9443  0.9710  1.0000  0.9692  0.9374  0.9044  0.8702  0.8221  0.7289  0.5430  0.3902  0.2259  0.0534  0.0245 -0.0050 -0.0382 -0.0245 -0.0109  0.0252  0.0607  0.0747  0.0905  0.0867  0.0855  0.0866  0.0897  0.0856  0.0836 -0.1140 -0.2874 -0.3070 -0.3304 -0.3177 -0.3100 -0.2856 -0.2661  0.8759  0.8970  0.9198  0.9443  0.9710  1.0000
    86   biomA     5.6938e+02 3.4774e+02  -0.7172  0.8489  0.8694  0.8914  0.9152  0.9410  0.9692  1.0000  0.9672  0.9332  0.8979  0.8482  0.7521  0.5602  0.4026  0.2330  0.0551  0.0253 -0.0052 -0.0394 -0.0253 -0.0113  0.0260  0.0626  0.0770  0.0934  0.0894  0.0883  0.0893  0.0926  0.0883  0.0863 -0.1176 -0.2965 -0.3168 -0.3409 -0.3278 -0.3199 -0.2946 -0.2746  0.8489  0.8694  0.8914  0.9152  0.9410  0.9692  1.0000  0.9672  0.9332  0.8979  0.8482  0.7521  0.5602  0.4026  0.2330  0.0551  0.0253 -0.0052 -0.0394 -0.0253 -0.0113  0.0260  0.0626  0.0770  0.0934  0.0894  0.0883  0.0893  0.0926  0.0883  0.0863 -0.1176 -0.2965 -0.3168 -0.3409 -0.3278 -0.3199 -0.2946 -0.2746  0.8489  0.8694  0.8914  0.9152  0.9410  0.9692  1.0000
    87   biomA     5.6938e+02 3.3632e+02  -0.7415  0.8210  0.8408  0.8621  0.8852  0.9101  0.9374  0.9672  1.0000  0.9648  0.9284  0.8770  0.7776  0.5792  0.4162  0.2410  0.0570  0.0262 -0.0053 -0.0407 -0.0262 -0.0117  0.0269  0.0648  0.0796  0.0965  0.0924  0.0913  0.0924  0.0957  0.0913  0.0892 -0.1216 -0.3066 -0.3276 -0.3525 -0.3389 -0.3308 -0.3046 -0.2839  0.8210  0.8408  0.8621  0.8852  0.9101  0.9374  0.9672  1.0000  0.9648  0.9284  0.8770  0.7776  0.5792  0.4162  0.2410  0.0570  0.0262 -0.0053 -0.0407 -0.0262 -0.0117  0.0269  0.0648  0.0796  0.0965  0.0924  0.0913  0.0924  0.0957  0.0913  0.0892 -0.1216 -0.3066 -0.3276 -0.3525 -0.3389 -0.3308 -0.3046 -0.2839  0.8210  0.8408  0.8621  0.8852  0.9101  0.9374  0.9672  1.0000
    88   biomA     5.6938e+02 3.2450e+02  -0.7685  0.7922  0.8113  0.8318  0.8541  0.8781  0.9044  0.9332  0.9648  1.0000  0.9622  0.9090  0.8059  0.6003  0.4314  0.2497  0.0590  0.0271 -0.0055 -0.0422 -0.0271 -0.0121  0.0278  0.0671  0.0825  0.1001  0.0958  0.0946  0.0957  0.0992  0.0947  0.0925 -0.1260 -0.3178 -0.3395 -0.3653 -0.3512 -0.3428 -0.3157 -0.2942  0.7922  0.8113  0.8318  0.8541  0.8781  0.9044  0.9332  0.9648  1.0000  0.9622  0.9090  0.8059  0.6003  0.4314  0.2497  0.0590  0.0271 -0.0055 -0.0422 -0.0271 -0.0121  0.0278  0.0671  0.0825  0.1001  0.0958  0.0946  0.0957  0.0992  0.0947  0.0925 -0.1260 -0.3178 -0.3395 -0.3653 -0.3512 -0.3428 -0.3157 -0.2942  0.7922  0.8113  0.8318  0.8541  0.8781  0.9044  0.9332  0.9649  1.0000
    89   biomA     5.6938e+02 3.1222e+02  -0.7987  0.7622  0.7806  0.8004  0.8218  0.8449  0.8702  0.8979  0.9284  0.9622  1.0000  0.9447  0.8376  0.6239  0.4484  0.2596  0.0613  0.0282 -0.0058 -0.0439 -0.0282 -0.0126  0.0289  0.0698  0.0858  0.1040  0.0996  0.0983  0.0995  0.1031  0.0984  0.0961 -0.1310 -0.3303 -0.3528 -0.3797 -0.3650 -0.3563 -0.3282 -0.3058  0.7622  0.7806  0.8004  0.8218  0.8449  0.8702  0.8979  0.9284  0.9622  1.0000  0.9447  0.8376  0.6239  0.4484  0.2596  0.0613  0.0282 -0.0058 -0.0439 -0.0282 -0.0126  0.0289  0.0698  0.0858  0.1040  0.0996  0.0983  0.0995  0.1031  0.0984  0.0961 -0.1310 -0.3303 -0.3528 -0.3797 -0.3650 -0.3563 -0.3282 -0.3058  0.7622  0.7806  0.8004  0.8218  0.8449  0.8702  0.8979  0.9284  0.9622  1.0000
    90   biomA     6.2487e+02 2.8241e+02  -0.7085  0.7200  0.7374  0.7561  0.7763  0.7982  0.8221  0.8482  0.8770  0.9090  0.9447  1.0000  0.9117  0.7223  0.5485  0.3606  0.1624  0.1164  0.0716  0.0240  0.0265  0.0303  0.0591  0.0890  0.0982  0.1105  0.1036  0.1002  0.0993  0.1009  0.0954  0.0922 -0.1104 -0.2884 -0.3091 -0.3335 -0.3209 -0.3134 -0.2887 -0.2690  0.7200  0.7374  0.7561  0.7763  0.7982  0.8221  0.8482  0.8770  0.9090  0.9447  1.0000  0.9117  0.7223  0.5485  0.3606  0.1624  0.1164  0.0716  0.0240  0.0265  0.0303  0.0591  0.0890  0.0982  0.1105  0.1036  0.1002  0.0993  0.1009  0.0954  0.0922 -0.1104 -0.2884 -0.3091 -0.3335 -0.3209 -0.3134 -0.2887 -0.2690  0.7200  0.7374  0.7561  0.7763  0.7982  0.8221  0.8482  0.8770  0.9090  0.9447  1.0000
    91   biomA     6.8578e+02 2.5015e+02  -0.5550  0.6384  0.6538  0.6704  0.6883  0.7077  0.7289  0.7521  0.7776  0.8059  0.8376  0.9117  1.0000  0.8520  0.6850  0.5033  0.3102  0.2462  0.1861  0.1254  0.1080  0.0940  0.1029  0.1155  0.1143  0.1174  0.1070  0.1004  0.0966  0.0951  0.0884  0.0839 -0.0766 -0.2181 -0.2356 -0.2557 -0.2465 -0.2411 -0.2221 -0.2070  0.6384  0.6538  0.6704  0.6883  0.7077  0.7289  0.7521  0.7776  0.8059  0.8376  0.9117  1.0000  0.8520  0.6850  0.5033  0.3102  0.2462  0.1861  0.1254  0.1080  0.0940  0.1029  0.1155  0.1143  0.1174  0.1070  0.1004  0.0966  0.0951  0.0884  0.0839 -0.0766 -0.2181 -0.2356 -0.2557 -0.2465 -0.2411 -0.2221 -0.2070  0.6384  0.6538  0.6704  0.6883  0.7077  0.7289  0.7521  0.7776  0.8059  0.8376  0.9117  1.0000
    92   biomA     7.5261e+02 2.2210e+02  -0.2869  0.4756  0.4870  0.4994  0.5127  0.5272  0.5430  0.5602  0.5792  0.6003  0.6239  0.7223  0.8520  1.0000  0.8536  0.6920  0.5182  0.4302  0.3504  0.2733  0.2264  0.1860  0.1638  0.1494  0.1323  0.1210  0.1058  0.0948  0.0866  0.0805  0.0725  0.0662 -0.0203 -0.0976 -0.1089 -0.1213 -0.1178 -0.1161 -0.1069 -0.0996  0.4756  0.4870  0.4994  0.5127  0.5272  0.5430  0.5602  0.5792  0.6003  0.6239  0.7223  0.8520  1.0000  0.8536  0.6920  0.5182  0.4302  0.3504  0.2733  0.2264  0.1860  0.1638  0.1494  0.1323  0.1210  0.1058  0.0948  0.0866  0.0805  0.0725  0.0662 -0.0203 -0.0976 -0.1089 -0.1213 -0.1178 -0.1161 -0.1069 -0.0996  0.4756  0.4870  0.4994  0.5127  0.5272  0.5430  0.5602  0.5792  0.6003  0.6239  0.7223  0.8520  1.0000
    93   biomA     7.9712e+02 2.2827e+02  -0.1202  0.3417  0.3500  0.3589  0.3684  0.3788  0.3902  0.4026  0.4162  0.4314  0.4484  0.5485  0.6850  0.8536  1.0000  0.8454  0.6774  0.5700  0.4737  0.3826  0.3142  0.2547  0.2110  0.1779  0.1496  0.1283  0.1093  0.0950  0.0835  0.0740  0.0648  0.0571  0.0163 -0.0214 -0.0292 -0.0369 -0.0370 -0.0376 -0.0347 -0.0323  0.3417  0.3500  0.3589  0.3684  0.3788  0.3902  0.4026  0.4162  0.4314  0.4484  0.5485  0.6850  0.8536  1.0000  0.8454  0.6774  0.5700  0.4737  0.3826  0.3142  0.2547  0.2110  0.1779  0.1496  0.1283  0.1093  0.0950  0.0835  0.0740  0.0648  0.0571  0.0163 -0.0214 -0.0292 -0.0369 -0.0370 -0.0376 -0.0347 -0.0323  0.3417  0.3500  0.3589  0.3684  0.3788  0.3902  0.4026  0.4162  0.4314  0.4484  0.5485  0.6850  0.8536  1.0000
