 The logarithm of the determinant of the hessian = 2.36412
 index   name       value      std.dev       1       2       3       4       5       6       7       8       9      10      11      12      13      14      15      16      17      18      19      20      21      22      23      24      25      26      27      28      29      30      31      32      33      34      35      36      37      38      39      40      41      42      43      44      45      46      47      48      49      50      51      52      53      54      55      56      57      58      59      60      61      62      63      64      65      66      67      68      69      70      71      72      73      74      75      76      77      78      79   
     1   logSdLam -1.5647e-01 3.0665e-01   1.0000
     2   biom      4.2047e+00 2.6482e+00  -0.0172  1.0000
     3   biom      4.2047e+00 2.5064e+00  -0.0182  0.9464  1.0000
     4   biom      4.2047e+00 2.3560e+00  -0.0194  0.8897  0.9400  1.0000
     5   biom      4.2047e+00 2.1954e+00  -0.0208  0.8290  0.8759  0.9318  1.0000
     6   biom      4.2047e+00 2.0221e+00  -0.0226  0.7636  0.8068  0.8583  0.9211  1.0000
     7   biom      4.2047e+00 1.8325e+00  -0.0250  0.6920  0.7311  0.7778  0.8347  0.9062  1.0000
     8   biom      4.2047e+00 1.6208e+00  -0.0282  0.6120  0.6467  0.6879  0.7382  0.8015  0.8845  1.0000
     9   biom      4.2047e+00 1.3769e+00  -0.0332  0.5199  0.5494  0.5844  0.6272  0.6809  0.7514  0.8495  1.0000
    10   biom      4.2047e+00 1.0793e+00  -0.0425  0.4076  0.4306  0.4581  0.4916  0.5337  0.5890  0.6659  0.7839  1.0000
    11   biom      4.2047e+00 6.5869e-01  -0.0696  0.2487  0.2628  0.2796  0.3000  0.3257  0.3595  0.4064  0.4784  0.6103  1.0000
    12   biom      4.3372e+00 8.4607e-01  -0.0331  0.1343  0.1419  0.1509  0.1620  0.1759  0.1941  0.2194  0.2583  0.3295  0.5399  1.0000
    13   biom      4.4697e+00 7.9482e-01  -0.0130  0.0797  0.0843  0.0896  0.0962  0.1044  0.1152  0.1303  0.1534  0.1957  0.3206  0.5945  1.0000
    14   biom      4.6022e+00 4.2616e-01   0.0171  0.0309  0.0326  0.0347  0.0372  0.0404  0.0446  0.0505  0.0594  0.0758  0.1241  0.2323  0.3917  1.0000
    15   biom      4.6831e+00 7.6971e-01   0.0239  0.0115  0.0122  0.0129  0.0139  0.0151  0.0166  0.0188  0.0222  0.0283  0.0463  0.0884  0.1497  0.3830  1.0000
    16   biom      4.7640e+00 7.6607e-01   0.0389  0.0060  0.0063  0.0067  0.0072  0.0078  0.0086  0.0097  0.0115  0.0146  0.0240  0.0483  0.0829  0.2135  0.5567  1.0000
    17   biom      4.8449e+00 4.0595e-01   0.1007  0.0007  0.0007  0.0008  0.0008  0.0009  0.0010  0.0011  0.0013  0.0017  0.0027  0.0147  0.0291  0.0793  0.2051  0.3680  1.0000
    18   biom      4.5994e+00 7.5846e-01   0.0126  0.0007  0.0007  0.0007  0.0008  0.0009  0.0010  0.0011  0.0013  0.0016  0.0027  0.0062  0.0110  0.0286  0.0744  0.1335  0.3630  1.0000
    19   biom      4.3539e+00 7.4614e-01  -0.0293  0.0010  0.0010  0.0011  0.0012  0.0013  0.0014  0.0016  0.0019  0.0024  0.0040  0.0046  0.0064  0.0149  0.0396  0.0713  0.1939  0.5438  1.0000
    20   biom      4.1085e+00 3.3049e-01  -0.1607  0.0029  0.0031  0.0033  0.0035  0.0038  0.0042  0.0048  0.0056  0.0072  0.0118  0.0064  0.0039  0.0019  0.0082  0.0154  0.0426  0.1604  0.3030  1.0000
    21   biom      4.4357e+00 6.5217e-01  -0.0874  0.0015  0.0016  0.0017  0.0019  0.0020  0.0022  0.0025  0.0030  0.0038  0.0062  0.0032  0.0016 -0.0002  0.0012  0.0025  0.0072  0.0430  0.0835  0.2785  1.0000
    22   biom      4.7629e+00 3.2926e-01  -0.1847  0.0032  0.0034  0.0036  0.0039  0.0042  0.0046  0.0052  0.0062  0.0079  0.0129  0.0062  0.0025 -0.0028 -0.0035 -0.0056 -0.0144  0.0093  0.0267  0.0993  0.2776  1.0000
    23   biom      6.1113e+00 7.1816e-01   0.2636 -0.0045 -0.0048 -0.0051 -0.0055 -0.0060 -0.0066 -0.0074 -0.0088 -0.0112 -0.0183 -0.0087 -0.0034  0.0046  0.0065  0.0107  0.0277  0.0065 -0.0018 -0.0231  0.0494  0.2189  1.0000
    24   biom      7.4597e+00 7.0872e-01   0.6199 -0.0107 -0.0113 -0.0120 -0.0129 -0.0140 -0.0155 -0.0175 -0.0206 -0.0263 -0.0431 -0.0205 -0.0081  0.0106  0.0149  0.0242  0.0628  0.0089 -0.0161 -0.0929 -0.0289 -0.0210  0.4887  1.0000
    25   biom      7.0326e+00 8.1412e-01   0.3366 -0.0058 -0.0061 -0.0065 -0.0070 -0.0076 -0.0084 -0.0095 -0.0112 -0.0143 -0.0234 -0.0112 -0.0044  0.0058  0.0081  0.0132  0.0341  0.0049 -0.0087 -0.0504 -0.0155 -0.0106  0.2682  0.5485  1.0000
    26   biom      6.6054e+00 6.5240e-01   0.1669 -0.0029 -0.0030 -0.0032 -0.0035 -0.0038 -0.0042 -0.0047 -0.0055 -0.0071 -0.0116 -0.0055 -0.0022  0.0029  0.0040  0.0065  0.0169  0.0024 -0.0043 -0.0249 -0.0072 -0.0036  0.1386  0.2826  0.5237  1.0000
    27   biom      6.1794e+00 8.9636e-01   0.0751 -0.0013 -0.0014 -0.0015 -0.0016 -0.0017 -0.0019 -0.0021 -0.0025 -0.0032 -0.0052 -0.0025 -0.0010  0.0013  0.0018  0.0029  0.0076  0.0011 -0.0019 -0.0110 -0.0025  0.0012  0.0724  0.1461  0.2850  0.5526  1.0000
    28   biom      5.7534e+00 9.4072e-01   0.0274 -0.0005 -0.0005 -0.0005 -0.0006 -0.0006 -0.0007 -0.0008 -0.0009 -0.0012 -0.0019 -0.0009 -0.0004  0.0005  0.0007  0.0011  0.0028  0.0005 -0.0006 -0.0037  0.0003  0.0049  0.0418  0.0824  0.1799  0.3595  0.6556  1.0000
    29   biom      5.3274e+00 8.1861e-01  -0.0193  0.0003  0.0004  0.0004  0.0004  0.0004  0.0005  0.0005  0.0006  0.0008  0.0013  0.0006  0.0003 -0.0003 -0.0005 -0.0007 -0.0019 -0.0002  0.0007  0.0035  0.0034  0.0098  0.0168  0.0294  0.1014  0.2212  0.4117  0.6313  1.0000
    30   biom      4.9014e+00 3.9868e-01  -0.1437  0.0025  0.0026  0.0028  0.0030  0.0032  0.0036  0.0041  0.0048  0.0061  0.0100  0.0048  0.0019 -0.0025 -0.0034 -0.0056 -0.0145 -0.0018  0.0043  0.0233  0.0132  0.0289 -0.0297 -0.0736 -0.0080  0.0601  0.1440  0.2327  0.3772  1.0000
    31   biom      4.9372e+00 6.8596e-01  -0.0696  0.0012  0.0013  0.0013  0.0014  0.0016  0.0017  0.0020  0.0023  0.0030  0.0048  0.0023  0.0009 -0.0012 -0.0017 -0.0027 -0.0070 -0.0009  0.0021  0.0112  0.0063  0.0136 -0.0156 -0.0380 -0.0100  0.0163  0.0461  0.0767  0.1256  0.3351  1.0000
    32   biom      4.9730e+00 4.6104e-01  -0.0835  0.0014  0.0015  0.0016  0.0017  0.0019  0.0021  0.0024  0.0028  0.0035  0.0058  0.0028  0.0011 -0.0014 -0.0020 -0.0032 -0.0084 -0.0010  0.0025  0.0134  0.0074  0.0157 -0.0210 -0.0498 -0.0231 -0.0036  0.0128  0.0268  0.0477  0.1324  0.3745  1.0000
    33   biom      5.1908e+00 6.8961e-01  -0.0241  0.0004  0.0004  0.0005  0.0005  0.0005  0.0006  0.0007  0.0008  0.0010  0.0017  0.0008  0.0003 -0.0004 -0.0006 -0.0009 -0.0024 -0.0003  0.0007  0.0039  0.0021  0.0046 -0.0060 -0.0142 -0.0063 -0.0002  0.0053  0.0102  0.0177  0.0485  0.1397  0.3736  1.0000
    34   biom      5.4087e+00 4.2150e-01   0.0132 -0.0002 -0.0002 -0.0003 -0.0003 -0.0003 -0.0003 -0.0004 -0.0004 -0.0006 -0.0009 -0.0004 -0.0002  0.0002  0.0003  0.0005  0.0013  0.0002 -0.0004 -0.0021 -0.0011 -0.0024  0.0036  0.0084  0.0051  0.0036  0.0035  0.0042  0.0058  0.0138  0.0473  0.1286  0.3486  1.0000
    35   biom      5.5000e+00 6.8737e-01  -0.0464  0.0008  0.0008  0.0009  0.0010  0.0010  0.0012  0.0013  0.0015  0.0020  0.0032  0.0015  0.0006 -0.0008 -0.0011 -0.0018 -0.0047 -0.0006  0.0014  0.0074  0.0041  0.0086 -0.0122 -0.0287 -0.0154 -0.0073 -0.0026  0.0001  0.0030  0.0121  0.0200  0.0490  0.1224  0.3469  1.0000
    36   biom      5.5913e+00 4.5115e-01  -0.1539  0.0026  0.0028  0.0030  0.0032  0.0035  0.0039  0.0043  0.0051  0.0065  0.0107  0.0051  0.0020 -0.0026 -0.0037 -0.0060 -0.0155 -0.0019  0.0045  0.0247  0.0135  0.0284 -0.0406 -0.0954 -0.0517 -0.0255 -0.0112 -0.0037  0.0037  0.0241  0.0167  0.0291  0.0473  0.1229  0.3658  1.0000
    37   biom      6.2768e+00 7.3102e-01   0.0805 -0.0014 -0.0015 -0.0016 -0.0017 -0.0018 -0.0020 -0.0023 -0.0027 -0.0034 -0.0056 -0.0027 -0.0010  0.0014  0.0019  0.0031  0.0081  0.0010 -0.0024 -0.0129 -0.0070 -0.0149  0.0212  0.0499  0.0271  0.0135  0.0062  0.0024 -0.0013 -0.0108 -0.0033 -0.0005  0.0148  0.0490  0.1338  0.3620  1.0000
    38   biom      6.9623e+00 6.3370e-01   0.2954 -0.0051 -0.0054 -0.0057 -0.0061 -0.0067 -0.0074 -0.0083 -0.0098 -0.0126 -0.0206 -0.0098 -0.0038  0.0050  0.0070  0.0115  0.0297  0.0037 -0.0086 -0.0475 -0.0258 -0.0546  0.0779  0.1831  0.0995  0.0493  0.0222  0.0082 -0.0056 -0.0421 -0.0195 -0.0219  0.0004  0.0255  0.0483  0.1232  0.4715  1.0000
    39   biom      6.9623e+00 1.0642e+00   0.1759 -0.0030 -0.0032 -0.0034 -0.0037 -0.0040 -0.0044 -0.0050 -0.0058 -0.0075 -0.0122 -0.0058 -0.0023  0.0030  0.0042  0.0068  0.0177  0.0022 -0.0052 -0.0283 -0.0154 -0.0325  0.0464  0.1091  0.0592  0.0294  0.0132  0.0049 -0.0033 -0.0251 -0.0116 -0.0130  0.0002  0.0152  0.0288  0.0734  0.2807  0.5955  1.0000
    40   biom      6.9623e+00 1.3651e+00   0.1371 -0.0024 -0.0025 -0.0027 -0.0029 -0.0031 -0.0034 -0.0039 -0.0046 -0.0058 -0.0095 -0.0045 -0.0018  0.0023  0.0033  0.0053  0.0138  0.0017 -0.0040 -0.0220 -0.0120 -0.0253  0.0362  0.0850  0.0462  0.0229  0.0103  0.0038 -0.0026 -0.0196 -0.0091 -0.0101  0.0002  0.0118  0.0224  0.0572  0.2189  0.4642  0.7796  1.0000
    41   biomsd    4.2047e+00 2.6482e+00  -0.0172  1.0000  0.9464  0.8897  0.8290  0.7636  0.6920  0.6120  0.5199  0.4076  0.2487  0.1343  0.0797  0.0309  0.0115  0.0060  0.0007  0.0007  0.0010  0.0029  0.0015  0.0032 -0.0045 -0.0107 -0.0058 -0.0029 -0.0013 -0.0005  0.0003  0.0025  0.0012  0.0014  0.0004 -0.0002  0.0008  0.0026 -0.0014 -0.0051 -0.0030 -0.0024  1.0000
    42   biomsd    4.2047e+00 2.5064e+00  -0.0182  0.9464  1.0000  0.9400  0.8759  0.8068  0.7311  0.6467  0.5494  0.4306  0.2628  0.1419  0.0843  0.0326  0.0122  0.0063  0.0007  0.0007  0.0010  0.0031  0.0016  0.0034 -0.0048 -0.0113 -0.0061 -0.0030 -0.0014 -0.0005  0.0004  0.0026  0.0013  0.0015  0.0004 -0.0002  0.0008  0.0028 -0.0015 -0.0054 -0.0032 -0.0025  0.9464  1.0000
    43   biomsd    4.2047e+00 2.3560e+00  -0.0194  0.8897  0.9400  1.0000  0.9318  0.8583  0.7778  0.6879  0.5844  0.4581  0.2796  0.1509  0.0896  0.0347  0.0129  0.0067  0.0008  0.0007  0.0011  0.0033  0.0017  0.0036 -0.0051 -0.0120 -0.0065 -0.0032 -0.0015 -0.0005  0.0004  0.0028  0.0013  0.0016  0.0005 -0.0003  0.0009  0.0030 -0.0016 -0.0057 -0.0034 -0.0027  0.8897  0.9400  1.0000
    44   biomsd    4.2047e+00 2.1954e+00  -0.0208  0.8290  0.8759  0.9318  1.0000  0.9211  0.8347  0.7382  0.6272  0.4916  0.3000  0.1620  0.0962  0.0372  0.0139  0.0072  0.0008  0.0008  0.0012  0.0035  0.0019  0.0039 -0.0055 -0.0129 -0.0070 -0.0035 -0.0016 -0.0006  0.0004  0.0030  0.0014  0.0017  0.0005 -0.0003  0.0010  0.0032 -0.0017 -0.0061 -0.0037 -0.0029  0.8290  0.8759  0.9318  1.0000
    45   biomsd    4.2047e+00 2.0221e+00  -0.0226  0.7636  0.8068  0.8583  0.9211  1.0000  0.9062  0.8015  0.6809  0.5337  0.3257  0.1759  0.1044  0.0404  0.0151  0.0078  0.0009  0.0009  0.0013  0.0038  0.0020  0.0042 -0.0060 -0.0140 -0.0076 -0.0038 -0.0017 -0.0006  0.0004  0.0032  0.0016  0.0019  0.0005 -0.0003  0.0010  0.0035 -0.0018 -0.0067 -0.0040 -0.0031  0.7636  0.8068  0.8583  0.9211  1.0000
    46   biomsd    4.2047e+00 1.8325e+00  -0.0250  0.6920  0.7311  0.7778  0.8347  0.9062  1.0000  0.8845  0.7514  0.5890  0.3595  0.1941  0.1152  0.0446  0.0166  0.0086  0.0010  0.0010  0.0014  0.0042  0.0022  0.0046 -0.0066 -0.0155 -0.0084 -0.0042 -0.0019 -0.0007  0.0005  0.0036  0.0017  0.0021  0.0006 -0.0003  0.0012  0.0039 -0.0020 -0.0074 -0.0044 -0.0034  0.6920  0.7311  0.7778  0.8347  0.9062  1.0000
    47   biomsd    4.2047e+00 1.6208e+00  -0.0282  0.6120  0.6467  0.6879  0.7382  0.8015  0.8845  1.0000  0.8495  0.6659  0.4064  0.2194  0.1303  0.0505  0.0188  0.0097  0.0011  0.0011  0.0016  0.0048  0.0025  0.0052 -0.0074 -0.0175 -0.0095 -0.0047 -0.0021 -0.0008  0.0005  0.0041  0.0020  0.0024  0.0007 -0.0004  0.0013  0.0043 -0.0023 -0.0083 -0.0050 -0.0039  0.6120  0.6467  0.6879  0.7382  0.8015  0.8845  1.0000
    48   biomsd    4.2047e+00 1.3769e+00  -0.0332  0.5199  0.5494  0.5844  0.6272  0.6809  0.7514  0.8495  1.0000  0.7839  0.4784  0.2583  0.1534  0.0594  0.0222  0.0115  0.0013  0.0013  0.0019  0.0056  0.0030  0.0062 -0.0088 -0.0206 -0.0112 -0.0055 -0.0025 -0.0009  0.0006  0.0048  0.0023  0.0028  0.0008 -0.0004  0.0015  0.0051 -0.0027 -0.0098 -0.0058 -0.0046  0.5199  0.5494  0.5844  0.6272  0.6809  0.7514  0.8495  1.0000
    49   biomsd    4.2047e+00 1.0793e+00  -0.0425  0.4076  0.4306  0.4581  0.4916  0.5337  0.5890  0.6659  0.7839  1.0000  0.6103  0.3295  0.1957  0.0758  0.0283  0.0146  0.0017  0.0016  0.0024  0.0072  0.0038  0.0079 -0.0112 -0.0263 -0.0143 -0.0071 -0.0032 -0.0012  0.0008  0.0061  0.0030  0.0035  0.0010 -0.0006  0.0020  0.0065 -0.0034 -0.0126 -0.0075 -0.0058  0.4076  0.4306  0.4581  0.4916  0.5337  0.5890  0.6659  0.7839  1.0000
    50   biomsd    4.2047e+00 6.5869e-01  -0.0696  0.2487  0.2628  0.2796  0.3000  0.3257  0.3595  0.4064  0.4784  0.6103  1.0000  0.5399  0.3206  0.1241  0.0463  0.0240  0.0027  0.0027  0.0040  0.0118  0.0062  0.0129 -0.0183 -0.0431 -0.0234 -0.0116 -0.0052 -0.0019  0.0013  0.0100  0.0048  0.0058  0.0017 -0.0009  0.0032  0.0107 -0.0056 -0.0206 -0.0122 -0.0095  0.2487  0.2628  0.2796  0.3000  0.3257  0.3595  0.4064  0.4784  0.6103  1.0000
    51   biomsd    4.3372e+00 8.4607e-01  -0.0331  0.1343  0.1419  0.1509  0.1620  0.1759  0.1941  0.2194  0.2583  0.3295  0.5399  1.0000  0.5945  0.2323  0.0884  0.0483  0.0147  0.0062  0.0046  0.0064  0.0032  0.0062 -0.0087 -0.0205 -0.0112 -0.0055 -0.0025 -0.0009  0.0006  0.0048  0.0023  0.0028  0.0008 -0.0004  0.0015  0.0051 -0.0027 -0.0098 -0.0058 -0.0045  0.1343  0.1419  0.1509  0.1620  0.1759  0.1941  0.2194  0.2583  0.3295  0.5399  1.0000
    52   biomsd    4.4697e+00 7.9482e-01  -0.0130  0.0797  0.0843  0.0896  0.0962  0.1044  0.1152  0.1303  0.1534  0.1957  0.3206  0.5945  1.0000  0.3917  0.1497  0.0829  0.0291  0.0110  0.0064  0.0039  0.0016  0.0025 -0.0034 -0.0081 -0.0044 -0.0022 -0.0010 -0.0004  0.0003  0.0019  0.0009  0.0011  0.0003 -0.0002  0.0006  0.0020 -0.0010 -0.0038 -0.0023 -0.0018  0.0797  0.0843  0.0896  0.0962  0.1044  0.1152  0.1303  0.1534  0.1957  0.3206  0.5945  1.0000
    53   biomsd    4.6022e+00 4.2616e-01   0.0171  0.0309  0.0326  0.0347  0.0372  0.0404  0.0446  0.0505  0.0594  0.0758  0.1241  0.2323  0.3917  1.0000  0.3830  0.2135  0.0793  0.0286  0.0149  0.0019 -0.0002 -0.0028  0.0046  0.0106  0.0058  0.0029  0.0013  0.0005 -0.0003 -0.0025 -0.0012 -0.0014 -0.0004  0.0002 -0.0008 -0.0026  0.0014  0.0050  0.0030  0.0023  0.0309  0.0326  0.0347  0.0372  0.0404  0.0446  0.0505  0.0594  0.0758  0.1241  0.2323  0.3917  1.0000
    54   biomsd    4.6831e+00 7.6971e-01   0.0239  0.0115  0.0122  0.0129  0.0139  0.0151  0.0166  0.0188  0.0222  0.0283  0.0463  0.0884  0.1497  0.3830  1.0000  0.5567  0.2051  0.0744  0.0396  0.0082  0.0012 -0.0035  0.0065  0.0149  0.0081  0.0040  0.0018  0.0007 -0.0005 -0.0034 -0.0017 -0.0020 -0.0006  0.0003 -0.0011 -0.0037  0.0019  0.0070  0.0042  0.0033  0.0115  0.0122  0.0129  0.0139  0.0151  0.0166  0.0188  0.0222  0.0283  0.0463  0.0884  0.1497  0.3830  1.0000
    55   biomsd    4.7640e+00 7.6607e-01   0.0389  0.0060  0.0063  0.0067  0.0072  0.0078  0.0086  0.0097  0.0115  0.0146  0.0240  0.0483  0.0829  0.2135  0.5567  1.0000  0.3680  0.1335  0.0713  0.0154  0.0025 -0.0056  0.0107  0.0242  0.0132  0.0065  0.0029  0.0011 -0.0007 -0.0056 -0.0027 -0.0032 -0.0009  0.0005 -0.0018 -0.0060  0.0031  0.0115  0.0068  0.0053  0.0060  0.0063  0.0067  0.0072  0.0078  0.0086  0.0097  0.0115  0.0146  0.0240  0.0483  0.0829  0.2135  0.5567  1.0000
    56   biomsd    4.8449e+00 4.0595e-01   0.1007  0.0007  0.0007  0.0008  0.0008  0.0009  0.0010  0.0011  0.0013  0.0017  0.0027  0.0147  0.0291  0.0793  0.2051  0.3680  1.0000  0.3630  0.1939  0.0426  0.0072 -0.0144  0.0277  0.0628  0.0341  0.0169  0.0076  0.0028 -0.0019 -0.0145 -0.0070 -0.0084 -0.0024  0.0013 -0.0047 -0.0155  0.0081  0.0297  0.0177  0.0138  0.0007  0.0007  0.0008  0.0008  0.0009  0.0010  0.0011  0.0013  0.0017  0.0027  0.0147  0.0291  0.0793  0.2051  0.3680  1.0000
    57   biomsd    4.5994e+00 7.5846e-01   0.0126  0.0007  0.0007  0.0007  0.0008  0.0009  0.0010  0.0011  0.0013  0.0016  0.0027  0.0062  0.0110  0.0286  0.0744  0.1335  0.3630  1.0000  0.5438  0.1604  0.0430  0.0093  0.0065  0.0089  0.0049  0.0024  0.0011  0.0005 -0.0002 -0.0018 -0.0009 -0.0010 -0.0003  0.0002 -0.0006 -0.0019  0.0010  0.0037  0.0022  0.0017  0.0007  0.0007  0.0007  0.0008  0.0009  0.0010  0.0011  0.0013  0.0016  0.0027  0.0062  0.0110  0.0286  0.0744  0.1335  0.3630  1.0000
    58   biomsd    4.3539e+00 7.4614e-01  -0.0293  0.0010  0.0010  0.0011  0.0012  0.0013  0.0014  0.0016  0.0019  0.0024  0.0040  0.0046  0.0064  0.0149  0.0396  0.0713  0.1939  0.5438  1.0000  0.3030  0.0835  0.0267 -0.0018 -0.0161 -0.0087 -0.0043 -0.0019 -0.0006  0.0007  0.0043  0.0021  0.0025  0.0007 -0.0004  0.0014  0.0045 -0.0024 -0.0086 -0.0052 -0.0040  0.0010  0.0010  0.0011  0.0012  0.0013  0.0014  0.0016  0.0019  0.0024  0.0040  0.0046  0.0064  0.0149  0.0396  0.0713  0.1939  0.5438  1.0000
    59   biomsd    4.1085e+00 3.3049e-01  -0.1607  0.0029  0.0031  0.0033  0.0035  0.0038  0.0042  0.0048  0.0056  0.0072  0.0118  0.0064  0.0039  0.0019  0.0082  0.0154  0.0426  0.1604  0.3030  1.0000  0.2785  0.0993 -0.0231 -0.0929 -0.0504 -0.0249 -0.0110 -0.0037  0.0035  0.0233  0.0112  0.0134  0.0039 -0.0021  0.0074  0.0247 -0.0129 -0.0475 -0.0283 -0.0220  0.0029  0.0031  0.0033  0.0035  0.0038  0.0042  0.0048  0.0056  0.0072  0.0118  0.0064  0.0039  0.0019  0.0082  0.0154  0.0426  0.1604  0.3030  1.0000
    60   biomsd    4.4357e+00 6.5217e-01  -0.0874  0.0015  0.0016  0.0017  0.0019  0.0020  0.0022  0.0025  0.0030  0.0038  0.0062  0.0032  0.0016 -0.0002  0.0012  0.0025  0.0072  0.0430  0.0835  0.2785  1.0000  0.2776  0.0494 -0.0289 -0.0155 -0.0072 -0.0025  0.0003  0.0034  0.0132  0.0063  0.0074  0.0021 -0.0011  0.0041  0.0135 -0.0070 -0.0258 -0.0154 -0.0120  0.0015  0.0016  0.0017  0.0019  0.0020  0.0022  0.0025  0.0030  0.0038  0.0062  0.0032  0.0016 -0.0002  0.0012  0.0025  0.0072  0.0430  0.0835  0.2785  1.0000
    61   biomsd    4.7629e+00 3.2926e-01  -0.1847  0.0032  0.0034  0.0036  0.0039  0.0042  0.0046  0.0052  0.0062  0.0079  0.0129  0.0062  0.0025 -0.0028 -0.0035 -0.0056 -0.0144  0.0093  0.0267  0.0993  0.2776  1.0000  0.2189 -0.0210 -0.0106 -0.0036  0.0012  0.0049  0.0098  0.0289  0.0136  0.0157  0.0046 -0.0024  0.0086  0.0284 -0.0149 -0.0546 -0.0325 -0.0253  0.0032  0.0034  0.0036  0.0039  0.0042  0.0046  0.0052  0.0062  0.0079  0.0129  0.0062  0.0025 -0.0028 -0.0035 -0.0056 -0.0144  0.0093  0.0267  0.0993  0.2776  1.0000
    62   biomsd    6.1113e+00 7.1816e-01   0.2636 -0.0045 -0.0048 -0.0051 -0.0055 -0.0060 -0.0066 -0.0074 -0.0088 -0.0112 -0.0183 -0.0087 -0.0034  0.0046  0.0065  0.0107  0.0277  0.0065 -0.0018 -0.0231  0.0494  0.2189  1.0000  0.4887  0.2682  0.1386  0.0724  0.0418  0.0168 -0.0297 -0.0156 -0.0210 -0.0060  0.0036 -0.0122 -0.0406  0.0212  0.0779  0.0464  0.0362 -0.0045 -0.0048 -0.0051 -0.0055 -0.0060 -0.0066 -0.0074 -0.0088 -0.0112 -0.0183 -0.0087 -0.0034  0.0046  0.0065  0.0107  0.0277  0.0065 -0.0018 -0.0231  0.0494  0.2189  1.0000
    63   biomsd    7.4597e+00 7.0872e-01   0.6199 -0.0107 -0.0113 -0.0120 -0.0129 -0.0140 -0.0155 -0.0175 -0.0206 -0.0263 -0.0431 -0.0205 -0.0081  0.0106  0.0149  0.0242  0.0628  0.0089 -0.0161 -0.0929 -0.0289 -0.0210  0.4887  1.0000  0.5485  0.2826  0.1461  0.0824  0.0294 -0.0736 -0.0380 -0.0498 -0.0142  0.0084 -0.0287 -0.0954  0.0499  0.1831  0.1091  0.0850 -0.0107 -0.0113 -0.0120 -0.0129 -0.0140 -0.0155 -0.0175 -0.0206 -0.0263 -0.0431 -0.0205 -0.0081  0.0106  0.0149  0.0242  0.0628  0.0089 -0.0161 -0.0929 -0.0289 -0.0210  0.4887  1.0000
    64   biomsd    7.0326e+00 8.1412e-01   0.3366 -0.0058 -0.0061 -0.0065 -0.0070 -0.0076 -0.0084 -0.0095 -0.0112 -0.0143 -0.0234 -0.0112 -0.0044  0.0058  0.0081  0.0132  0.0341  0.0049 -0.0087 -0.0504 -0.0155 -0.0106  0.2682  0.5485  1.0000  0.5237  0.2850  0.1799  0.1014 -0.0080 -0.0100 -0.0231 -0.0063  0.0051 -0.0154 -0.0517  0.0271  0.0995  0.0592  0.0462 -0.0058 -0.0061 -0.0065 -0.0070 -0.0076 -0.0084 -0.0095 -0.0112 -0.0143 -0.0234 -0.0112 -0.0044  0.0058  0.0081  0.0132  0.0341  0.0049 -0.0087 -0.0504 -0.0155 -0.0106  0.2682  0.5485  1.0000
    65   biomsd    6.6054e+00 6.5240e-01   0.1669 -0.0029 -0.0030 -0.0032 -0.0035 -0.0038 -0.0042 -0.0047 -0.0055 -0.0071 -0.0116 -0.0055 -0.0022  0.0029  0.0040  0.0065  0.0169  0.0024 -0.0043 -0.0249 -0.0072 -0.0036  0.1386  0.2826  0.5237  1.0000  0.5526  0.3595  0.2212  0.0601  0.0163 -0.0036 -0.0002  0.0036 -0.0073 -0.0255  0.0135  0.0493  0.0294  0.0229 -0.0029 -0.0030 -0.0032 -0.0035 -0.0038 -0.0042 -0.0047 -0.0055 -0.0071 -0.0116 -0.0055 -0.0022  0.0029  0.0040  0.0065  0.0169  0.0024 -0.0043 -0.0249 -0.0072 -0.0036  0.1386  0.2826  0.5237  1.0000
    66   biomsd    6.1794e+00 8.9636e-01   0.0751 -0.0013 -0.0014 -0.0015 -0.0016 -0.0017 -0.0019 -0.0021 -0.0025 -0.0032 -0.0052 -0.0025 -0.0010  0.0013  0.0018  0.0029  0.0076  0.0011 -0.0019 -0.0110 -0.0025  0.0012  0.0724  0.1461  0.2850  0.5526  1.0000  0.6556  0.4117  0.1440  0.0461  0.0128  0.0053  0.0035 -0.0026 -0.0112  0.0062  0.0222  0.0132  0.0103 -0.0013 -0.0014 -0.0015 -0.0016 -0.0017 -0.0019 -0.0021 -0.0025 -0.0032 -0.0052 -0.0025 -0.0010  0.0013  0.0018  0.0029  0.0076  0.0011 -0.0019 -0.0110 -0.0025  0.0012  0.0724  0.1461  0.2850  0.5526  1.0000
    67   biomsd    5.7534e+00 9.4072e-01   0.0274 -0.0005 -0.0005 -0.0005 -0.0006 -0.0006 -0.0007 -0.0008 -0.0009 -0.0012 -0.0019 -0.0009 -0.0004  0.0005  0.0007  0.0011  0.0028  0.0005 -0.0006 -0.0037  0.0003  0.0049  0.0418  0.0824  0.1799  0.3595  0.6556  1.0000  0.6313  0.2327  0.0767  0.0268  0.0102  0.0042  0.0001 -0.0037  0.0024  0.0082  0.0049  0.0038 -0.0005 -0.0005 -0.0005 -0.0006 -0.0006 -0.0007 -0.0008 -0.0009 -0.0012 -0.0019 -0.0009 -0.0004  0.0005  0.0007  0.0011  0.0028  0.0005 -0.0006 -0.0037  0.0003  0.0049  0.0418  0.0824  0.1799  0.3595  0.6556  1.0000
    68   biomsd    5.3274e+00 8.1861e-01  -0.0193  0.0003  0.0004  0.0004  0.0004  0.0004  0.0005  0.0005  0.0006  0.0008  0.0013  0.0006  0.0003 -0.0003 -0.0005 -0.0007 -0.0019 -0.0002  0.0007  0.0035  0.0034  0.0098  0.0168  0.0294  0.1014  0.2212  0.4117  0.6313  1.0000  0.3772  0.1256  0.0477  0.0177  0.0058  0.0030  0.0037 -0.0013 -0.0056 -0.0033 -0.0026  0.0003  0.0004  0.0004  0.0004  0.0004  0.0005  0.0005  0.0006  0.0008  0.0013  0.0006  0.0003 -0.0003 -0.0005 -0.0007 -0.0019 -0.0002  0.0007  0.0035  0.0034  0.0098  0.0168  0.0294  0.1014  0.2212  0.4117  0.6313  1.0000
    69   biomsd    4.9014e+00 3.9868e-01  -0.1437  0.0025  0.0026  0.0028  0.0030  0.0032  0.0036  0.0041  0.0048  0.0061  0.0100  0.0048  0.0019 -0.0025 -0.0034 -0.0056 -0.0145 -0.0018  0.0043  0.0233  0.0132  0.0289 -0.0297 -0.0736 -0.0080  0.0601  0.1440  0.2327  0.3772  1.0000  0.3351  0.1324  0.0485  0.0138  0.0121  0.0241 -0.0108 -0.0421 -0.0251 -0.0196  0.0025  0.0026  0.0028  0.0030  0.0032  0.0036  0.0041  0.0048  0.0061  0.0100  0.0048  0.0019 -0.0025 -0.0034 -0.0056 -0.0145 -0.0018  0.0043  0.0233  0.0132  0.0289 -0.0297 -0.0736 -0.0080  0.0601  0.1440  0.2327  0.3772  1.0000
    70   biomsd    4.9372e+00 6.8596e-01  -0.0696  0.0012  0.0013  0.0013  0.0014  0.0016  0.0017  0.0020  0.0023  0.0030  0.0048  0.0023  0.0009 -0.0012 -0.0017 -0.0027 -0.0070 -0.0009  0.0021  0.0112  0.0063  0.0136 -0.0156 -0.0380 -0.0100  0.0163  0.0461  0.0767  0.1256  0.3351  1.0000  0.3745  0.1397  0.0473  0.0200  0.0167 -0.0033 -0.0195 -0.0116 -0.0091  0.0012  0.0013  0.0013  0.0014  0.0016  0.0017  0.0020  0.0023  0.0030  0.0048  0.0023  0.0009 -0.0012 -0.0017 -0.0027 -0.0070 -0.0009  0.0021  0.0112  0.0063  0.0136 -0.0156 -0.0380 -0.0100  0.0163  0.0461  0.0767  0.1256  0.3351  1.0000
    71   biomsd    4.9730e+00 4.6104e-01  -0.0835  0.0014  0.0015  0.0016  0.0017  0.0019  0.0021  0.0024  0.0028  0.0035  0.0058  0.0028  0.0011 -0.0014 -0.0020 -0.0032 -0.0084 -0.0010  0.0025  0.0134  0.0074  0.0157 -0.0210 -0.0498 -0.0231 -0.0036  0.0128  0.0268  0.0477  0.1324  0.3745  1.0000  0.3736  0.1286  0.0490  0.0291 -0.0005 -0.0219 -0.0130 -0.0101  0.0014  0.0015  0.0016  0.0017  0.0019  0.0021  0.0024  0.0028  0.0035  0.0058  0.0028  0.0011 -0.0014 -0.0020 -0.0032 -0.0084 -0.0010  0.0025  0.0134  0.0074  0.0157 -0.0210 -0.0498 -0.0231 -0.0036  0.0128  0.0268  0.0477  0.1324  0.3745  1.0000
    72   biomsd    5.1908e+00 6.8961e-01  -0.0241  0.0004  0.0004  0.0005  0.0005  0.0005  0.0006  0.0007  0.0008  0.0010  0.0017  0.0008  0.0003 -0.0004 -0.0006 -0.0009 -0.0024 -0.0003  0.0007  0.0039  0.0021  0.0046 -0.0060 -0.0142 -0.0063 -0.0002  0.0053  0.0102  0.0177  0.0485  0.1397  0.3736  1.0000  0.3486  0.1224  0.0473  0.0148  0.0004  0.0002  0.0002  0.0004  0.0004  0.0005  0.0005  0.0005  0.0006  0.0007  0.0008  0.0010  0.0017  0.0008  0.0003 -0.0004 -0.0006 -0.0009 -0.0024 -0.0003  0.0007  0.0039  0.0021  0.0046 -0.0060 -0.0142 -0.0063 -0.0002  0.0053  0.0102  0.0177  0.0485  0.1397  0.3736  1.0000
    73   biomsd    5.4087e+00 4.2150e-01   0.0132 -0.0002 -0.0002 -0.0003 -0.0003 -0.0003 -0.0003 -0.0004 -0.0004 -0.0006 -0.0009 -0.0004 -0.0002  0.0002  0.0003  0.0005  0.0013  0.0002 -0.0004 -0.0021 -0.0011 -0.0024  0.0036  0.0084  0.0051  0.0036  0.0035  0.0042  0.0058  0.0138  0.0473  0.1286  0.3486  1.0000  0.3469  0.1229  0.0490  0.0255  0.0152  0.0118 -0.0002 -0.0002 -0.0003 -0.0003 -0.0003 -0.0003 -0.0004 -0.0004 -0.0006 -0.0009 -0.0004 -0.0002  0.0002  0.0003  0.0005  0.0013  0.0002 -0.0004 -0.0021 -0.0011 -0.0024  0.0036  0.0084  0.0051  0.0036  0.0035  0.0042  0.0058  0.0138  0.0473  0.1286  0.3486  1.0000
    74   biomsd    5.5000e+00 6.8737e-01  -0.0464  0.0008  0.0008  0.0009  0.0010  0.0010  0.0012  0.0013  0.0015  0.0020  0.0032  0.0015  0.0006 -0.0008 -0.0011 -0.0018 -0.0047 -0.0006  0.0014  0.0074  0.0041  0.0086 -0.0122 -0.0287 -0.0154 -0.0073 -0.0026  0.0001  0.0030  0.0121  0.0200  0.0490  0.1224  0.3469  1.0000  0.3658  0.1338  0.0483  0.0288  0.0224  0.0008  0.0008  0.0009  0.0010  0.0010  0.0012  0.0013  0.0015  0.0020  0.0032  0.0015  0.0006 -0.0008 -0.0011 -0.0018 -0.0047 -0.0006  0.0014  0.0074  0.0041  0.0086 -0.0122 -0.0287 -0.0154 -0.0073 -0.0026  0.0001  0.0030  0.0121  0.0200  0.0490  0.1224  0.3469  1.0000
    75   biomsd    5.5913e+00 4.5115e-01  -0.1539  0.0026  0.0028  0.0030  0.0032  0.0035  0.0039  0.0043  0.0051  0.0065  0.0107  0.0051  0.0020 -0.0026 -0.0037 -0.0060 -0.0155 -0.0019  0.0045  0.0247  0.0135  0.0284 -0.0406 -0.0954 -0.0517 -0.0255 -0.0112 -0.0037  0.0037  0.0241  0.0167  0.0291  0.0473  0.1229  0.3658  1.0000  0.3620  0.1232  0.0734  0.0572  0.0026  0.0028  0.0030  0.0032  0.0035  0.0039  0.0043  0.0051  0.0065  0.0107  0.0051  0.0020 -0.0026 -0.0037 -0.0060 -0.0155 -0.0019  0.0045  0.0247  0.0135  0.0284 -0.0406 -0.0954 -0.0517 -0.0255 -0.0112 -0.0037  0.0037  0.0241  0.0167  0.0291  0.0473  0.1229  0.3658  1.0000
    76   biomsd    6.2768e+00 7.3102e-01   0.0805 -0.0014 -0.0015 -0.0016 -0.0017 -0.0018 -0.0020 -0.0023 -0.0027 -0.0034 -0.0056 -0.0027 -0.0010  0.0014  0.0019  0.0031  0.0081  0.0010 -0.0024 -0.0129 -0.0070 -0.0149  0.0212  0.0499  0.0271  0.0135  0.0062  0.0024 -0.0013 -0.0108 -0.0033 -0.0005  0.0148  0.0490  0.1338  0.3620  1.0000  0.4715  0.2807  0.2189 -0.0014 -0.0015 -0.0016 -0.0017 -0.0018 -0.0020 -0.0023 -0.0027 -0.0034 -0.0056 -0.0027 -0.0010  0.0014  0.0019  0.0031  0.0081  0.0010 -0.0024 -0.0129 -0.0070 -0.0149  0.0212  0.0499  0.0271  0.0135  0.0062  0.0024 -0.0013 -0.0108 -0.0033 -0.0005  0.0148  0.0490  0.1338  0.3620  1.0000
    77   biomsd    6.9623e+00 6.3370e-01   0.2954 -0.0051 -0.0054 -0.0057 -0.0061 -0.0067 -0.0074 -0.0083 -0.0098 -0.0126 -0.0206 -0.0098 -0.0038  0.0050  0.0070  0.0115  0.0297  0.0037 -0.0086 -0.0475 -0.0258 -0.0546  0.0779  0.1831  0.0995  0.0493  0.0222  0.0082 -0.0056 -0.0421 -0.0195 -0.0219  0.0004  0.0255  0.0483  0.1232  0.4715  1.0000  0.5955  0.4642 -0.0051 -0.0054 -0.0057 -0.0061 -0.0067 -0.0074 -0.0083 -0.0098 -0.0126 -0.0206 -0.0098 -0.0038  0.0050  0.0070  0.0115  0.0297  0.0037 -0.0086 -0.0475 -0.0258 -0.0546  0.0779  0.1831  0.0995  0.0493  0.0222  0.0082 -0.0056 -0.0421 -0.0195 -0.0219  0.0004  0.0255  0.0483  0.1232  0.4715  1.0000
    78   biomsd    6.9623e+00 1.0642e+00   0.1759 -0.0030 -0.0032 -0.0034 -0.0037 -0.0040 -0.0044 -0.0050 -0.0058 -0.0075 -0.0122 -0.0058 -0.0023  0.0030  0.0042  0.0068  0.0177  0.0022 -0.0052 -0.0283 -0.0154 -0.0325  0.0464  0.1091  0.0592  0.0294  0.0132  0.0049 -0.0033 -0.0251 -0.0116 -0.0130  0.0002  0.0152  0.0288  0.0734  0.2807  0.5955  1.0000  0.7796 -0.0030 -0.0032 -0.0034 -0.0037 -0.0040 -0.0044 -0.0050 -0.0058 -0.0075 -0.0122 -0.0058 -0.0023  0.0030  0.0042  0.0068  0.0177  0.0022 -0.0052 -0.0283 -0.0154 -0.0325  0.0464  0.1091  0.0592  0.0294  0.0132  0.0049 -0.0033 -0.0251 -0.0116 -0.0130  0.0002  0.0152  0.0288  0.0734  0.2807  0.5955  1.0000
    79   biomsd    6.9623e+00 1.3651e+00   0.1371 -0.0024 -0.0025 -0.0027 -0.0029 -0.0031 -0.0034 -0.0039 -0.0046 -0.0058 -0.0095 -0.0045 -0.0018  0.0023  0.0033  0.0053  0.0138  0.0017 -0.0040 -0.0220 -0.0120 -0.0253  0.0362  0.0850  0.0462  0.0229  0.0103  0.0038 -0.0026 -0.0196 -0.0091 -0.0101  0.0002  0.0118  0.0224  0.0572  0.2189  0.4642  0.7796  1.0000 -0.0024 -0.0025 -0.0027 -0.0029 -0.0031 -0.0034 -0.0039 -0.0046 -0.0058 -0.0095 -0.0045 -0.0018  0.0023  0.0033  0.0053  0.0138  0.0017 -0.0040 -0.0220 -0.0120 -0.0253  0.0362  0.0850  0.0462  0.0229  0.0103  0.0038 -0.0026 -0.0196 -0.0091 -0.0101  0.0002  0.0118  0.0224  0.0572  0.2189  0.4642  0.7796  1.0000
    80   biomA     6.7002e+01 1.7743e+02  -0.0172  1.0000  0.9464  0.8897  0.8290  0.7636  0.6920  0.6120  0.5199  0.4076  0.2487  0.1343  0.0797  0.0309  0.0115  0.0060  0.0007  0.0007  0.0010  0.0029  0.0015  0.0032 -0.0045 -0.0107 -0.0058 -0.0029 -0.0013 -0.0005  0.0003  0.0025  0.0012  0.0014  0.0004 -0.0002  0.0008  0.0026 -0.0014 -0.0051 -0.0030 -0.0024  1.0000  0.9464  0.8897  0.8290  0.7636  0.6920  0.6120  0.5199  0.4076  0.2487  0.1343  0.0797  0.0309  0.0115  0.0060  0.0007  0.0007  0.0010  0.0029  0.0015  0.0032 -0.0045 -0.0107 -0.0058 -0.0029 -0.0013 -0.0005  0.0003  0.0025  0.0012  0.0014  0.0004 -0.0002  0.0008  0.0026 -0.0014 -0.0051 -0.0030 -0.0024  1.0000
    81   biomA     6.7002e+01 1.6793e+02  -0.0182  0.9464  1.0000  0.9400  0.8759  0.8068  0.7311  0.6467  0.5494  0.4306  0.2628  0.1419  0.0843  0.0326  0.0122  0.0063  0.0007  0.0007  0.0010  0.0031  0.0016  0.0034 -0.0048 -0.0113 -0.0061 -0.0030 -0.0014 -0.0005  0.0004  0.0026  0.0013  0.0015  0.0004 -0.0002  0.0008  0.0028 -0.0015 -0.0054 -0.0032 -0.0025  0.9464  1.0000  0.9400  0.8759  0.8068  0.7311  0.6467  0.5494  0.4306  0.2628  0.1419  0.0843  0.0326  0.0122  0.0063  0.0007  0.0007  0.0010  0.0031  0.0016  0.0034 -0.0048 -0.0113 -0.0061 -0.0030 -0.0014 -0.0005  0.0004  0.0026  0.0013  0.0015  0.0004 -0.0002  0.0008  0.0028 -0.0015 -0.0054 -0.0032 -0.0025  0.9464  1.0000
    82   biomA     6.7002e+01 1.5786e+02  -0.0194  0.8897  0.9400  1.0000  0.9318  0.8583  0.7778  0.6879  0.5844  0.4581  0.2796  0.1509  0.0896  0.0347  0.0129  0.0067  0.0008  0.0007  0.0011  0.0033  0.0017  0.0036 -0.0051 -0.0120 -0.0065 -0.0032 -0.0015 -0.0005  0.0004  0.0028  0.0013  0.0016  0.0005 -0.0003  0.0009  0.0030 -0.0016 -0.0057 -0.0034 -0.0027  0.8897  0.9400  1.0000  0.9318  0.8583  0.7778  0.6879  0.5844  0.4581  0.2796  0.1509  0.0896  0.0347  0.0129  0.0067  0.0008  0.0007  0.0011  0.0033  0.0017  0.0036 -0.0051 -0.0120 -0.0065 -0.0032 -0.0015 -0.0005  0.0004  0.0028  0.0013  0.0016  0.0005 -0.0003  0.0009  0.0030 -0.0016 -0.0057 -0.0034 -0.0027  0.8897  0.9400  1.0000
    83   biomA     6.7002e+01 1.4710e+02  -0.0208  0.8290  0.8759  0.9318  1.0000  0.9211  0.8347  0.7382  0.6272  0.4916  0.3000  0.1620  0.0962  0.0372  0.0139  0.0072  0.0008  0.0008  0.0012  0.0035  0.0019  0.0039 -0.0055 -0.0129 -0.0070 -0.0035 -0.0016 -0.0006  0.0004  0.0030  0.0014  0.0017  0.0005 -0.0003  0.0010  0.0032 -0.0017 -0.0061 -0.0037 -0.0029  0.8290  0.8759  0.9318  1.0000  0.9211  0.8347  0.7382  0.6272  0.4916  0.3000  0.1620  0.0962  0.0372  0.0139  0.0072  0.0008  0.0008  0.0012  0.0035  0.0019  0.0039 -0.0055 -0.0129 -0.0070 -0.0035 -0.0016 -0.0006  0.0004  0.0030  0.0014  0.0017  0.0005 -0.0003  0.0010  0.0032 -0.0017 -0.0061 -0.0037 -0.0029  0.8290  0.8759  0.9318  1.0000
    84   biomA     6.7002e+01 1.3548e+02  -0.0226  0.7636  0.8068  0.8583  0.9211  1.0000  0.9062  0.8015  0.6809  0.5337  0.3257  0.1759  0.1044  0.0404  0.0151  0.0078  0.0009  0.0009  0.0013  0.0038  0.0020  0.0042 -0.0060 -0.0140 -0.0076 -0.0038 -0.0017 -0.0006  0.0004  0.0032  0.0016  0.0019  0.0005 -0.0003  0.0010  0.0035 -0.0018 -0.0067 -0.0040 -0.0031  0.7636  0.8068  0.8583  0.9211  1.0000  0.9062  0.8015  0.6809  0.5337  0.3257  0.1759  0.1044  0.0404  0.0151  0.0078  0.0009  0.0009  0.0013  0.0038  0.0020  0.0042 -0.0060 -0.0140 -0.0076 -0.0038 -0.0017 -0.0006  0.0004  0.0032  0.0016  0.0019  0.0005 -0.0003  0.0010  0.0035 -0.0018 -0.0067 -0.0040 -0.0031  0.7636  0.8068  0.8583  0.9211  1.0000
    85   biomA     6.7002e+01 1.2278e+02  -0.0250  0.6920  0.7311  0.7778  0.8347  0.9062  1.0000  0.8845  0.7514  0.5890  0.3595  0.1941  0.1152  0.0446  0.0166  0.0086  0.0010  0.0010  0.0014  0.0042  0.0022  0.0046 -0.0066 -0.0155 -0.0084 -0.0042 -0.0019 -0.0007  0.0005  0.0036  0.0017  0.0021  0.0006 -0.0003  0.0012  0.0039 -0.0020 -0.0074 -0.0044 -0.0034  0.6920  0.7311  0.7778  0.8347  0.9062  1.0000  0.8845  0.7514  0.5890  0.3595  0.1941  0.1152  0.0446  0.0166  0.0086  0.0010  0.0010  0.0014  0.0042  0.0022  0.0046 -0.0066 -0.0155 -0.0084 -0.0042 -0.0019 -0.0007  0.0005  0.0036  0.0017  0.0021  0.0006 -0.0003  0.0012  0.0039 -0.0020 -0.0074 -0.0044 -0.0034  0.6920  0.7311  0.7778  0.8347  0.9062  1.0000
    86   biomA     6.7002e+01 1.0859e+02  -0.0282  0.6120  0.6467  0.6879  0.7382  0.8015  0.8845  1.0000  0.8495  0.6659  0.4064  0.2194  0.1303  0.0505  0.0188  0.0097  0.0011  0.0011  0.0016  0.0048  0.0025  0.0052 -0.0074 -0.0175 -0.0095 -0.0047 -0.0021 -0.0008  0.0005  0.0041  0.0020  0.0024  0.0007 -0.0004  0.0013  0.0043 -0.0023 -0.0083 -0.0050 -0.0039  0.6120  0.6467  0.6879  0.7382  0.8015  0.8845  1.0000  0.8495  0.6659  0.4064  0.2194  0.1303  0.0505  0.0188  0.0097  0.0011  0.0011  0.0016  0.0048  0.0025  0.0052 -0.0074 -0.0175 -0.0095 -0.0047 -0.0021 -0.0008  0.0005  0.0041  0.0020  0.0024  0.0007 -0.0004  0.0013  0.0043 -0.0023 -0.0083 -0.0050 -0.0039  0.6120  0.6467  0.6879  0.7382  0.8015  0.8845  1.0000
    87   biomA     6.7002e+01 9.2255e+01  -0.0332  0.5199  0.5494  0.5844  0.6272  0.6809  0.7514  0.8495  1.0000  0.7839  0.4784  0.2583  0.1534  0.0594  0.0222  0.0115  0.0013  0.0013  0.0019  0.0056  0.0030  0.0062 -0.0088 -0.0206 -0.0112 -0.0055 -0.0025 -0.0009  0.0006  0.0048  0.0023  0.0028  0.0008 -0.0004  0.0015  0.0051 -0.0027 -0.0098 -0.0058 -0.0046  0.5199  0.5494  0.5844  0.6272  0.6809  0.7514  0.8495  1.0000  0.7839  0.4784  0.2583  0.1534  0.0594  0.0222  0.0115  0.0013  0.0013  0.0019  0.0056  0.0030  0.0062 -0.0088 -0.0206 -0.0112 -0.0055 -0.0025 -0.0009  0.0006  0.0048  0.0023  0.0028  0.0008 -0.0004  0.0015  0.0051 -0.0027 -0.0098 -0.0058 -0.0046  0.5199  0.5494  0.5844  0.6272  0.6809  0.7514  0.8495  1.0000
    88   biomA     6.7002e+01 7.2315e+01  -0.0425  0.4076  0.4306  0.4581  0.4916  0.5337  0.5890  0.6659  0.7839  1.0000  0.6103  0.3295  0.1957  0.0758  0.0283  0.0146  0.0017  0.0016  0.0024  0.0072  0.0038  0.0079 -0.0112 -0.0263 -0.0143 -0.0071 -0.0032 -0.0012  0.0008  0.0061  0.0030  0.0035  0.0010 -0.0006  0.0020  0.0065 -0.0034 -0.0126 -0.0075 -0.0058  0.4076  0.4306  0.4581  0.4916  0.5337  0.5890  0.6659  0.7839  1.0000  0.6103  0.3295  0.1957  0.0758  0.0283  0.0146  0.0017  0.0016  0.0024  0.0072  0.0038  0.0079 -0.0112 -0.0263 -0.0143 -0.0071 -0.0032 -0.0012  0.0008  0.0061  0.0030  0.0035  0.0010 -0.0006  0.0020  0.0065 -0.0034 -0.0126 -0.0075 -0.0058  0.4076  0.4306  0.4581  0.4916  0.5337  0.5890  0.6659  0.7839  1.0000
    89   biomA     6.7002e+01 4.4134e+01  -0.0696  0.2487  0.2628  0.2796  0.3000  0.3257  0.3595  0.4064  0.4784  0.6103  1.0000  0.5399  0.3206  0.1241  0.0463  0.0240  0.0027  0.0027  0.0040  0.0118  0.0062  0.0129 -0.0183 -0.0431 -0.0234 -0.0116 -0.0052 -0.0019  0.0013  0.0100  0.0048  0.0058  0.0017 -0.0009  0.0032  0.0107 -0.0056 -0.0206 -0.0122 -0.0095  0.2487  0.2628  0.2796  0.3000  0.3257  0.3595  0.4064  0.4784  0.6103  1.0000  0.5399  0.3206  0.1241  0.0463  0.0240  0.0027  0.0027  0.0040  0.0118  0.0062  0.0129 -0.0183 -0.0431 -0.0234 -0.0116 -0.0052 -0.0019  0.0013  0.0100  0.0048  0.0058  0.0017 -0.0009  0.0032  0.0107 -0.0056 -0.0206 -0.0122 -0.0095  0.2487  0.2628  0.2796  0.3000  0.3257  0.3595  0.4064  0.4784  0.6103  1.0000
    90   biomA     7.6493e+01 6.4718e+01  -0.0331  0.1343  0.1419  0.1509  0.1620  0.1759  0.1941  0.2194  0.2583  0.3295  0.5399  1.0000  0.5945  0.2323  0.0884  0.0483  0.0147  0.0062  0.0046  0.0064  0.0032  0.0062 -0.0087 -0.0205 -0.0112 -0.0055 -0.0025 -0.0009  0.0006  0.0048  0.0023  0.0028  0.0008 -0.0004  0.0015  0.0051 -0.0027 -0.0098 -0.0058 -0.0045  0.1343  0.1419  0.1509  0.1620  0.1759  0.1941  0.2194  0.2583  0.3295  0.5399  1.0000  0.5945  0.2323  0.0884  0.0483  0.0147  0.0062  0.0046  0.0064  0.0032  0.0062 -0.0087 -0.0205 -0.0112 -0.0055 -0.0025 -0.0009  0.0006  0.0048  0.0023  0.0028  0.0008 -0.0004  0.0015  0.0051 -0.0027 -0.0098 -0.0058 -0.0045  0.1343  0.1419  0.1509  0.1620  0.1759  0.1941  0.2194  0.2583  0.3295  0.5399  1.0000
    91   biomA     8.7328e+01 6.9411e+01  -0.0130  0.0797  0.0843  0.0896  0.0962  0.1044  0.1152  0.1303  0.1534  0.1957  0.3206  0.5945  1.0000  0.3917  0.1497  0.0829  0.0291  0.0110  0.0064  0.0039  0.0016  0.0025 -0.0034 -0.0081 -0.0044 -0.0022 -0.0010 -0.0004  0.0003  0.0019  0.0009  0.0011  0.0003 -0.0002  0.0006  0.0020 -0.0010 -0.0038 -0.0023 -0.0018  0.0797  0.0843  0.0896  0.0962  0.1044  0.1152  0.1303  0.1534  0.1957  0.3206  0.5945  1.0000  0.3917  0.1497  0.0829  0.0291  0.0110  0.0064  0.0039  0.0016  0.0025 -0.0034 -0.0081 -0.0044 -0.0022 -0.0010 -0.0004  0.0003  0.0019  0.0009  0.0011  0.0003 -0.0002  0.0006  0.0020 -0.0010 -0.0038 -0.0023 -0.0018  0.0797  0.0843  0.0896  0.0962  0.1044  0.1152  0.1303  0.1534  0.1957  0.3206  0.5945  1.0000
    92   biomA     9.9699e+01 4.2488e+01   0.0171  0.0309  0.0326  0.0347  0.0372  0.0404  0.0446  0.0505  0.0594  0.0758  0.1241  0.2323  0.3917  1.0000  0.3830  0.2135  0.0793  0.0286  0.0149  0.0019 -0.0002 -0.0028  0.0046  0.0106  0.0058  0.0029  0.0013  0.0005 -0.0003 -0.0025 -0.0012 -0.0014 -0.0004  0.0002 -0.0008 -0.0026  0.0014  0.0050  0.0030  0.0023  0.0309  0.0326  0.0347  0.0372  0.0404  0.0446  0.0505  0.0594  0.0758  0.1241  0.2323  0.3917  1.0000  0.3830  0.2135  0.0793  0.0286  0.0149  0.0019 -0.0002 -0.0028  0.0046  0.0106  0.0058  0.0029  0.0013  0.0005 -0.0003 -0.0025 -0.0012 -0.0014 -0.0004  0.0002 -0.0008 -0.0026  0.0014  0.0050  0.0030  0.0023  0.0309  0.0326  0.0347  0.0372  0.0404  0.0446  0.0505  0.0594  0.0758  0.1241  0.2323  0.3917  1.0000
    93   biomA     1.0810e+02 8.3206e+01   0.0239  0.0115  0.0122  0.0129  0.0139  0.0151  0.0166  0.0188  0.0222  0.0283  0.0463  0.0884  0.1497  0.3830  1.0000  0.5567  0.2051  0.0744  0.0396  0.0082  0.0012 -0.0035  0.0065  0.0149  0.0081  0.0040  0.0018  0.0007 -0.0005 -0.0034 -0.0017 -0.0020 -0.0006  0.0003 -0.0011 -0.0037  0.0019  0.0070  0.0042  0.0033  0.0115  0.0122  0.0129  0.0139  0.0151  0.0166  0.0188  0.0222  0.0283  0.0463  0.0884  0.1497  0.3830  1.0000  0.5567  0.2051  0.0744  0.0396  0.0082  0.0012 -0.0035  0.0065  0.0149  0.0081  0.0040  0.0018  0.0007 -0.0005 -0.0034 -0.0017 -0.0020 -0.0006  0.0003 -0.0011 -0.0037  0.0019  0.0070  0.0042  0.0033  0.0115  0.0122  0.0129  0.0139  0.0151  0.0166  0.0188  0.0222  0.0283  0.0463  0.0884  0.1497  0.3830  1.0000
