 The logarithm of the determinant of the hessian = 2.4372
 index   name       value      std.dev       1       2       3       4       5       6       7       8       9      10      11      12      13      14      15      16      17      18      19      20      21      22      23      24      25      26      27      28      29      30      31      32      33      34      35      36      37      38      39      40      41      42      43      44      45      46      47      48      49      50      51      52      53      54      55      56      57   
     1   logSdLam -3.7728e-01 2.9564e-01   1.0000
     2   biom      4.2417e+00 6.3189e-01  -0.0865  1.0000
     3   biom      4.3599e+00 7.2811e-01  -0.0459  0.6118  1.0000
     4   biom      4.4781e+00 6.7372e-01  -0.0183  0.3845  0.6295  1.0000
     5   biom      4.5963e+00 4.1292e-01   0.0211  0.1759  0.2908  0.4636  1.0000
     6   biom      4.6682e+00 6.4389e-01   0.0338  0.0771  0.1298  0.2083  0.4509  1.0000
     7   biom      4.7401e+00 6.3980e-01   0.0548  0.0417  0.0736  0.1201  0.2621  0.5809  1.0000
     8   biom      4.8120e+00 3.9336e-01   0.1224  0.0093  0.0271  0.0497  0.1146  0.2526  0.4345  1.0000
     9   biom      4.5926e+00 6.3021e-01   0.0134  0.0074  0.0135  0.0221  0.0485  0.1075  0.1851  0.4261  1.0000
    10   biom      4.3732e+00 6.1712e-01  -0.0505  0.0092  0.0102  0.0135  0.0261  0.0586  0.1010  0.2328  0.5623  1.0000
    11   biom      4.1538e+00 3.2519e-01  -0.2178  0.0205  0.0128  0.0085  0.0050  0.0139  0.0248  0.0578  0.1961  0.3636  1.0000
    12   biom      4.4807e+00 5.4264e-01  -0.1201  0.0110  0.0064  0.0037  0.0006  0.0030  0.0056  0.0132  0.0642  0.1227  0.3413  1.0000
    13   biom      4.8075e+00 3.2029e-01  -0.1856  0.0162  0.0088  0.0039 -0.0029 -0.0040 -0.0063 -0.0138  0.0186  0.0467  0.1412  0.3374  1.0000
    14   biom      5.9664e+00 6.1789e-01   0.3305 -0.0285 -0.0151 -0.0059  0.0073  0.0119  0.0194  0.0434  0.0114 -0.0043 -0.0386  0.0645  0.2579  1.0000
    15   biom      7.1253e+00 6.9670e-01   0.6714 -0.0580 -0.0308 -0.0123  0.0143  0.0230  0.0373  0.0833  0.0117 -0.0292 -0.1334 -0.0407 -0.0023  0.5633  1.0000
    16   biom      6.8128e+00 7.3473e-01   0.4388 -0.0379 -0.0201 -0.0080  0.0093  0.0150  0.0244  0.0544  0.0076 -0.0191 -0.0874 -0.0273 -0.0035  0.3624  0.6444  1.0000
    17   biom      6.5003e+00 6.2072e-01   0.2855 -0.0247 -0.0131 -0.0052  0.0061  0.0098  0.0158  0.0354  0.0049 -0.0126 -0.0572 -0.0189 -0.0059  0.2258  0.4032  0.6135  1.0000
    18   biom      6.1121e+00 7.6443e-01   0.1516 -0.0131 -0.0070 -0.0028  0.0032  0.0052  0.0084  0.0188  0.0027 -0.0065 -0.0299 -0.0086  0.0013  0.1322  0.2339  0.3715  0.6170  1.0000
    19   biom      5.7239e+00 7.8207e-01   0.0697 -0.0060 -0.0032 -0.0013  0.0015  0.0024  0.0039  0.0087  0.0014 -0.0027 -0.0131 -0.0018  0.0072  0.0792  0.1372  0.2392  0.4124  0.6790  1.0000
    20   biom      5.3358e+00 6.8351e-01  -0.0098  0.0009  0.0005  0.0002 -0.0002 -0.0003 -0.0005 -0.0011  0.0002  0.0010  0.0035  0.0055  0.0150  0.0335  0.0525  0.1321  0.2537  0.4354  0.6498  1.0000
    21   biom      4.9476e+00 3.8853e-01  -0.1750  0.0151  0.0080  0.0032 -0.0037 -0.0059 -0.0096 -0.0214 -0.0022  0.0091  0.0387  0.0229  0.0383 -0.0417 -0.0915 -0.0169  0.0626  0.1652  0.2733  0.4406  1.0000
    22   biom      4.9767e+00 5.8003e-01  -0.1029  0.0089  0.0047  0.0019 -0.0022 -0.0035 -0.0056 -0.0126 -0.0013  0.0053  0.0226  0.0131  0.0214 -0.0275 -0.0587 -0.0212  0.0157  0.0611  0.1070  0.1766  0.4058  1.0000
    23   biom      5.0059e+00 4.3690e-01  -0.1177  0.0102  0.0054  0.0022 -0.0025 -0.0040 -0.0064 -0.0144 -0.0016  0.0060  0.0257  0.0145  0.0228 -0.0361 -0.0745 -0.0413 -0.0141  0.0153  0.0411  0.0770  0.1881  0.4396  1.0000
    24   biom      5.2066e+00 5.8223e-01  -0.0460  0.0040  0.0021  0.0008 -0.0010 -0.0016 -0.0025 -0.0056 -0.0006  0.0023  0.0101  0.0057  0.0090 -0.0140 -0.0289 -0.0157 -0.0046  0.0075  0.0184  0.0337  0.0814  0.1919  0.4371  1.0000
    25   biom      5.4073e+00 4.0251e-01  -0.0052  0.0005  0.0002  0.0001 -0.0001 -0.0002 -0.0003 -0.0006 -0.0001  0.0003  0.0012  0.0007  0.0012 -0.0012 -0.0027 -0.0004  0.0020  0.0052  0.0086  0.0138  0.0312  0.0779  0.1791  0.4129  1.0000
    26   biom      5.5236e+00 5.8057e-01  -0.0546  0.0047  0.0025  0.0010 -0.0012 -0.0018 -0.0030 -0.0067 -0.0007  0.0028  0.0119  0.0066  0.0102 -0.0179 -0.0364 -0.0232 -0.0142 -0.0058 -0.0001  0.0062  0.0220  0.0375  0.0799  0.1723  0.4118  1.0000
    27   biom      5.6399e+00 4.3049e-01  -0.1427  0.0123  0.0066  0.0026 -0.0030 -0.0048 -0.0078 -0.0175 -0.0019  0.0072  0.0311  0.0171  0.0265 -0.0471 -0.0957 -0.0623 -0.0401 -0.0206 -0.0084  0.0038  0.0303  0.0282  0.0480  0.0787  0.1757  0.4316  1.0000
    28   biom      6.2278e+00 6.3195e-01   0.1181 -0.0102 -0.0054 -0.0022  0.0025  0.0040  0.0065  0.0145  0.0016 -0.0060 -0.0257 -0.0142 -0.0219  0.0391  0.0794  0.0520  0.0340  0.0184  0.0089 -0.0001 -0.0183 -0.0060  0.0003  0.0273  0.0788  0.1859  0.4278  1.0000
    29   biom      6.8157e+00 6.1417e-01   0.3432 -0.0297 -0.0158 -0.0063  0.0072  0.0116  0.0188  0.0420  0.0046 -0.0173 -0.0747 -0.0412 -0.0637  0.1134  0.2304  0.1507  0.0981  0.0523  0.0243 -0.0028 -0.0588 -0.0321 -0.0331  0.0010  0.0390  0.0801  0.1794  0.5470  1.0000
    30   biomsd    4.2417e+00 6.3189e-01  -0.0865  1.0000  0.6118  0.3845  0.1759  0.0771  0.0417  0.0093  0.0074  0.0092  0.0205  0.0110  0.0162 -0.0285 -0.0580 -0.0379 -0.0247 -0.0131 -0.0060  0.0009  0.0151  0.0089  0.0102  0.0040  0.0005  0.0047  0.0123 -0.0102 -0.0297  1.0000
    31   biomsd    4.3599e+00 7.2811e-01  -0.0459  0.6118  1.0000  0.6295  0.2908  0.1298  0.0736  0.0271  0.0135  0.0102  0.0128  0.0064  0.0088 -0.0151 -0.0308 -0.0201 -0.0131 -0.0070 -0.0032  0.0005  0.0080  0.0047  0.0054  0.0021  0.0002  0.0025  0.0066 -0.0054 -0.0158  0.6118  1.0000
    32   biomsd    4.4781e+00 6.7372e-01  -0.0183  0.3845  0.6295  1.0000  0.4636  0.2083  0.1201  0.0497  0.0221  0.0135  0.0085  0.0037  0.0039 -0.0059 -0.0123 -0.0080 -0.0052 -0.0028 -0.0013  0.0002  0.0032  0.0019  0.0022  0.0008  0.0001  0.0010  0.0026 -0.0022 -0.0063  0.3845  0.6295  1.0000
    33   biomsd    4.5963e+00 4.1292e-01   0.0211  0.1759  0.2908  0.4636  1.0000  0.4509  0.2621  0.1146  0.0485  0.0261  0.0050  0.0006 -0.0029  0.0073  0.0143  0.0093  0.0061  0.0032  0.0015 -0.0002 -0.0037 -0.0022 -0.0025 -0.0010 -0.0001 -0.0012 -0.0030  0.0025  0.0072  0.1759  0.2908  0.4636  1.0000
    34   biomsd    4.6682e+00 6.4389e-01   0.0338  0.0771  0.1298  0.2083  0.4509  1.0000  0.5809  0.2526  0.1075  0.0586  0.0139  0.0030 -0.0040  0.0119  0.0230  0.0150  0.0098  0.0052  0.0024 -0.0003 -0.0059 -0.0035 -0.0040 -0.0016 -0.0002 -0.0018 -0.0048  0.0040  0.0116  0.0771  0.1298  0.2083  0.4509  1.0000
    35   biomsd    4.7401e+00 6.3980e-01   0.0548  0.0417  0.0736  0.1201  0.2621  0.5809  1.0000  0.4345  0.1851  0.1010  0.0248  0.0056 -0.0063  0.0194  0.0373  0.0244  0.0158  0.0084  0.0039 -0.0005 -0.0096 -0.0056 -0.0064 -0.0025 -0.0003 -0.0030 -0.0078  0.0065  0.0188  0.0417  0.0736  0.1201  0.2621  0.5809  1.0000
    36   biomsd    4.8120e+00 3.9336e-01   0.1224  0.0093  0.0271  0.0497  0.1146  0.2526  0.4345  1.0000  0.4261  0.2328  0.0578  0.0132 -0.0138  0.0434  0.0833  0.0544  0.0354  0.0188  0.0087 -0.0011 -0.0214 -0.0126 -0.0144 -0.0056 -0.0006 -0.0067 -0.0175  0.0145  0.0420  0.0093  0.0271  0.0497  0.1146  0.2526  0.4345  1.0000
    37   biomsd    4.5926e+00 6.3021e-01   0.0134  0.0074  0.0135  0.0221  0.0485  0.1075  0.1851  0.4261  1.0000  0.5623  0.1961  0.0642  0.0186  0.0114  0.0117  0.0076  0.0049  0.0027  0.0014  0.0002 -0.0022 -0.0013 -0.0016 -0.0006 -0.0001 -0.0007 -0.0019  0.0016  0.0046  0.0074  0.0135  0.0221  0.0485  0.1075  0.1851  0.4261  1.0000
    38   biomsd    4.3732e+00 6.1712e-01  -0.0505  0.0092  0.0102  0.0135  0.0261  0.0586  0.1010  0.2328  0.5623  1.0000  0.3636  0.1227  0.0467 -0.0043 -0.0292 -0.0191 -0.0126 -0.0065 -0.0027  0.0010  0.0091  0.0053  0.0060  0.0023  0.0003  0.0028  0.0072 -0.0060 -0.0173  0.0092  0.0102  0.0135  0.0261  0.0586  0.1010  0.2328  0.5623  1.0000
    39   biomsd    4.1538e+00 3.2519e-01  -0.2178  0.0205  0.0128  0.0085  0.0050  0.0139  0.0248  0.0578  0.1961  0.3636  1.0000  0.3413  0.1412 -0.0386 -0.1334 -0.0874 -0.0572 -0.0299 -0.0131  0.0035  0.0387  0.0226  0.0257  0.0101  0.0012  0.0119  0.0311 -0.0257 -0.0747  0.0205  0.0128  0.0085  0.0050  0.0139  0.0248  0.0578  0.1961  0.3636  1.0000
    40   biomsd    4.4807e+00 5.4264e-01  -0.1201  0.0110  0.0064  0.0037  0.0006  0.0030  0.0056  0.0132  0.0642  0.1227  0.3413  1.0000  0.3374  0.0645 -0.0407 -0.0273 -0.0189 -0.0086 -0.0018  0.0055  0.0229  0.0131  0.0145  0.0057  0.0007  0.0066  0.0171 -0.0142 -0.0412  0.0110  0.0064  0.0037  0.0006  0.0030  0.0056  0.0132  0.0642  0.1227  0.3413  1.0000
    41   biomsd    4.8075e+00 3.2029e-01  -0.1856  0.0162  0.0088  0.0039 -0.0029 -0.0040 -0.0063 -0.0138  0.0186  0.0467  0.1412  0.3374  1.0000  0.2579 -0.0023 -0.0035 -0.0059  0.0013  0.0072  0.0150  0.0383  0.0214  0.0228  0.0090  0.0012  0.0102  0.0265 -0.0219 -0.0637  0.0162  0.0088  0.0039 -0.0029 -0.0040 -0.0063 -0.0138  0.0186  0.0467  0.1412  0.3374  1.0000
    42   biomsd    5.9664e+00 6.1789e-01   0.3305 -0.0285 -0.0151 -0.0059  0.0073  0.0119  0.0194  0.0434  0.0114 -0.0043 -0.0386  0.0645  0.2579  1.0000  0.5633  0.3624  0.2258  0.1322  0.0792  0.0335 -0.0417 -0.0275 -0.0361 -0.0140 -0.0012 -0.0179 -0.0471  0.0391  0.1134 -0.0285 -0.0151 -0.0059  0.0073  0.0119  0.0194  0.0434  0.0114 -0.0043 -0.0386  0.0645  0.2579  1.0000
    43   biomsd    7.1253e+00 6.9670e-01   0.6714 -0.0580 -0.0308 -0.0123  0.0143  0.0230  0.0373  0.0833  0.0117 -0.0292 -0.1334 -0.0407 -0.0023  0.5633  1.0000  0.6444  0.4032  0.2339  0.1372  0.0525 -0.0915 -0.0587 -0.0745 -0.0289 -0.0027 -0.0364 -0.0957  0.0794  0.2304 -0.0580 -0.0308 -0.0123  0.0143  0.0230  0.0373  0.0833  0.0117 -0.0292 -0.1334 -0.0407 -0.0023  0.5633  1.0000
    44   biomsd    6.8128e+00 7.3473e-01   0.4388 -0.0379 -0.0201 -0.0080  0.0093  0.0150  0.0244  0.0544  0.0076 -0.0191 -0.0874 -0.0273 -0.0035  0.3624  0.6444  1.0000  0.6135  0.3715  0.2392  0.1321 -0.0169 -0.0212 -0.0413 -0.0157 -0.0004 -0.0232 -0.0623  0.0520  0.1507 -0.0379 -0.0201 -0.0080  0.0093  0.0150  0.0244  0.0544  0.0076 -0.0191 -0.0874 -0.0273 -0.0035  0.3624  0.6444  1.0000
    45   biomsd    6.5003e+00 6.2072e-01   0.2855 -0.0247 -0.0131 -0.0052  0.0061  0.0098  0.0158  0.0354  0.0049 -0.0126 -0.0572 -0.0189 -0.0059  0.2258  0.4032  0.6135  1.0000  0.6170  0.4124  0.2537  0.0626  0.0157 -0.0141 -0.0046  0.0020 -0.0142 -0.0401  0.0340  0.0981 -0.0247 -0.0131 -0.0052  0.0061  0.0098  0.0158  0.0354  0.0049 -0.0126 -0.0572 -0.0189 -0.0059  0.2258  0.4032  0.6135  1.0000
    46   biomsd    6.1121e+00 7.6443e-01   0.1516 -0.0131 -0.0070 -0.0028  0.0032  0.0052  0.0084  0.0188  0.0027 -0.0065 -0.0299 -0.0086  0.0013  0.1322  0.2339  0.3715  0.6170  1.0000  0.6790  0.4354  0.1652  0.0611  0.0153  0.0075  0.0052 -0.0058 -0.0206  0.0184  0.0523 -0.0131 -0.0070 -0.0028  0.0032  0.0052  0.0084  0.0188  0.0027 -0.0065 -0.0299 -0.0086  0.0013  0.1322  0.2339  0.3715  0.6170  1.0000
    47   biomsd    5.7239e+00 7.8207e-01   0.0697 -0.0060 -0.0032 -0.0013  0.0015  0.0024  0.0039  0.0087  0.0014 -0.0027 -0.0131 -0.0018  0.0072  0.0792  0.1372  0.2392  0.4124  0.6790  1.0000  0.6498  0.2733  0.1070  0.0411  0.0184  0.0086 -0.0001 -0.0084  0.0089  0.0243 -0.0060 -0.0032 -0.0013  0.0015  0.0024  0.0039  0.0087  0.0014 -0.0027 -0.0131 -0.0018  0.0072  0.0792  0.1372  0.2392  0.4124  0.6790  1.0000
    48   biomsd    5.3358e+00 6.8351e-01  -0.0098  0.0009  0.0005  0.0002 -0.0002 -0.0003 -0.0005 -0.0011  0.0002  0.0010  0.0035  0.0055  0.0150  0.0335  0.0525  0.1321  0.2537  0.4354  0.6498  1.0000  0.4406  0.1766  0.0770  0.0337  0.0138  0.0062  0.0038 -0.0001 -0.0028  0.0009  0.0005  0.0002 -0.0002 -0.0003 -0.0005 -0.0011  0.0002  0.0010  0.0035  0.0055  0.0150  0.0335  0.0525  0.1321  0.2537  0.4354  0.6498  1.0000
    49   biomsd    4.9476e+00 3.8853e-01  -0.1750  0.0151  0.0080  0.0032 -0.0037 -0.0059 -0.0096 -0.0214 -0.0022  0.0091  0.0387  0.0229  0.0383 -0.0417 -0.0915 -0.0169  0.0626  0.1652  0.2733  0.4406  1.0000  0.4058  0.1881  0.0814  0.0312  0.0220  0.0303 -0.0183 -0.0588  0.0151  0.0080  0.0032 -0.0037 -0.0059 -0.0096 -0.0214 -0.0022  0.0091  0.0387  0.0229  0.0383 -0.0417 -0.0915 -0.0169  0.0626  0.1652  0.2733  0.4406  1.0000
    50   biomsd    4.9767e+00 5.8003e-01  -0.1029  0.0089  0.0047  0.0019 -0.0022 -0.0035 -0.0056 -0.0126 -0.0013  0.0053  0.0226  0.0131  0.0214 -0.0275 -0.0587 -0.0212  0.0157  0.0611  0.1070  0.1766  0.4058  1.0000  0.4396  0.1919  0.0779  0.0375  0.0282 -0.0060 -0.0321  0.0089  0.0047  0.0019 -0.0022 -0.0035 -0.0056 -0.0126 -0.0013  0.0053  0.0226  0.0131  0.0214 -0.0275 -0.0587 -0.0212  0.0157  0.0611  0.1070  0.1766  0.4058  1.0000
    51   biomsd    5.0059e+00 4.3690e-01  -0.1177  0.0102  0.0054  0.0022 -0.0025 -0.0040 -0.0064 -0.0144 -0.0016  0.0060  0.0257  0.0145  0.0228 -0.0361 -0.0745 -0.0413 -0.0141  0.0153  0.0411  0.0770  0.1881  0.4396  1.0000  0.4371  0.1791  0.0799  0.0480  0.0003 -0.0331  0.0102  0.0054  0.0022 -0.0025 -0.0040 -0.0064 -0.0144 -0.0016  0.0060  0.0257  0.0145  0.0228 -0.0361 -0.0745 -0.0413 -0.0141  0.0153  0.0411  0.0770  0.1881  0.4396  1.0000
    52   biomsd    5.2066e+00 5.8223e-01  -0.0460  0.0040  0.0021  0.0008 -0.0010 -0.0016 -0.0025 -0.0056 -0.0006  0.0023  0.0101  0.0057  0.0090 -0.0140 -0.0289 -0.0157 -0.0046  0.0075  0.0184  0.0337  0.0814  0.1919  0.4371  1.0000  0.4129  0.1723  0.0787  0.0273  0.0010  0.0040  0.0021  0.0008 -0.0010 -0.0016 -0.0025 -0.0056 -0.0006  0.0023  0.0101  0.0057  0.0090 -0.0140 -0.0289 -0.0157 -0.0046  0.0075  0.0184  0.0337  0.0814  0.1919  0.4371  1.0000
    53   biomsd    5.4073e+00 4.0251e-01  -0.0052  0.0005  0.0002  0.0001 -0.0001 -0.0002 -0.0003 -0.0006 -0.0001  0.0003  0.0012  0.0007  0.0012 -0.0012 -0.0027 -0.0004  0.0020  0.0052  0.0086  0.0138  0.0312  0.0779  0.1791  0.4129  1.0000  0.4118  0.1757  0.0788  0.0390  0.0005  0.0002  0.0001 -0.0001 -0.0002 -0.0003 -0.0006 -0.0001  0.0003  0.0012  0.0007  0.0012 -0.0012 -0.0027 -0.0004  0.0020  0.0052  0.0086  0.0138  0.0312  0.0779  0.1791  0.4129  1.0000
    54   biomsd    5.5236e+00 5.8057e-01  -0.0546  0.0047  0.0025  0.0010 -0.0012 -0.0018 -0.0030 -0.0067 -0.0007  0.0028  0.0119  0.0066  0.0102 -0.0179 -0.0364 -0.0232 -0.0142 -0.0058 -0.0001  0.0062  0.0220  0.0375  0.0799  0.1723  0.4118  1.0000  0.4316  0.1859  0.0801  0.0047  0.0025  0.0010 -0.0012 -0.0018 -0.0030 -0.0067 -0.0007  0.0028  0.0119  0.0066  0.0102 -0.0179 -0.0364 -0.0232 -0.0142 -0.0058 -0.0001  0.0062  0.0220  0.0375  0.0799  0.1723  0.4118  1.0000
    55   biomsd    5.6399e+00 4.3049e-01  -0.1427  0.0123  0.0066  0.0026 -0.0030 -0.0048 -0.0078 -0.0175 -0.0019  0.0072  0.0311  0.0171  0.0265 -0.0471 -0.0957 -0.0623 -0.0401 -0.0206 -0.0084  0.0038  0.0303  0.0282  0.0480  0.0787  0.1757  0.4316  1.0000  0.4278  0.1794  0.0123  0.0066  0.0026 -0.0030 -0.0048 -0.0078 -0.0175 -0.0019  0.0072  0.0311  0.0171  0.0265 -0.0471 -0.0957 -0.0623 -0.0401 -0.0206 -0.0084  0.0038  0.0303  0.0282  0.0480  0.0787  0.1757  0.4316  1.0000
    56   biomsd    6.2278e+00 6.3195e-01   0.1181 -0.0102 -0.0054 -0.0022  0.0025  0.0040  0.0065  0.0145  0.0016 -0.0060 -0.0257 -0.0142 -0.0219  0.0391  0.0794  0.0520  0.0340  0.0184  0.0089 -0.0001 -0.0183 -0.0060  0.0003  0.0273  0.0788  0.1859  0.4278  1.0000  0.5470 -0.0102 -0.0054 -0.0022  0.0025  0.0040  0.0065  0.0145  0.0016 -0.0060 -0.0257 -0.0142 -0.0219  0.0391  0.0794  0.0520  0.0340  0.0184  0.0089 -0.0001 -0.0183 -0.0060  0.0003  0.0273  0.0788  0.1859  0.4278  1.0000
    57   biomsd    6.8157e+00 6.1417e-01   0.3432 -0.0297 -0.0158 -0.0063  0.0072  0.0116  0.0188  0.0420  0.0046 -0.0173 -0.0747 -0.0412 -0.0637  0.1134  0.2304  0.1507  0.0981  0.0523  0.0243 -0.0028 -0.0588 -0.0321 -0.0331  0.0010  0.0390  0.0801  0.1794  0.5470  1.0000 -0.0297 -0.0158 -0.0063  0.0072  0.0116  0.0188  0.0420  0.0046 -0.0173 -0.0747 -0.0412 -0.0637  0.1134  0.2304  0.1507  0.0981  0.0523  0.0243 -0.0028 -0.0588 -0.0321 -0.0331  0.0010  0.0390  0.0801  0.1794  0.5470  1.0000
    58   biomA     6.9527e+01 4.3933e+01  -0.0865  1.0000  0.6118  0.3845  0.1759  0.0771  0.0417  0.0093  0.0074  0.0092  0.0205  0.0110  0.0162 -0.0285 -0.0580 -0.0379 -0.0247 -0.0131 -0.0060  0.0009  0.0151  0.0089  0.0102  0.0040  0.0005  0.0047  0.0123 -0.0102 -0.0297  1.0000  0.6118  0.3845  0.1759  0.0771  0.0417  0.0093  0.0074  0.0092  0.0205  0.0110  0.0162 -0.0285 -0.0580 -0.0379 -0.0247 -0.0131 -0.0060  0.0009  0.0151  0.0089  0.0102  0.0040  0.0005  0.0047  0.0123 -0.0102 -0.0297  1.0000
    59   biomA     7.8248e+01 5.6974e+01  -0.0459  0.6118  1.0000  0.6295  0.2908  0.1298  0.0736  0.0271  0.0135  0.0102  0.0128  0.0064  0.0088 -0.0151 -0.0308 -0.0201 -0.0131 -0.0070 -0.0032  0.0005  0.0080  0.0047  0.0054  0.0021  0.0002  0.0025  0.0066 -0.0054 -0.0158  0.6118  1.0000  0.6295  0.2908  0.1298  0.0736  0.0271  0.0135  0.0102  0.0128  0.0064  0.0088 -0.0151 -0.0308 -0.0201 -0.0131 -0.0070 -0.0032  0.0005  0.0080  0.0047  0.0054  0.0021  0.0002  0.0025  0.0066 -0.0054 -0.0158  0.6118  1.0000
    60   biomA     8.8065e+01 5.9331e+01  -0.0183  0.3845  0.6295  1.0000  0.4636  0.2083  0.1201  0.0497  0.0221  0.0135  0.0085  0.0037  0.0039 -0.0059 -0.0123 -0.0080 -0.0052 -0.0028 -0.0013  0.0002  0.0032  0.0019  0.0022  0.0008  0.0001  0.0010  0.0026 -0.0022 -0.0063  0.3845  0.6295  1.0000  0.4636  0.2083  0.1201  0.0497  0.0221  0.0135  0.0085  0.0037  0.0039 -0.0059 -0.0123 -0.0080 -0.0052 -0.0028 -0.0013  0.0002  0.0032  0.0019  0.0022  0.0008  0.0001  0.0010  0.0026 -0.0022 -0.0063  0.3845  0.6295  1.0000
    61   biomA     9.9112e+01 4.0925e+01   0.0211  0.1759  0.2908  0.4636  1.0000  0.4509  0.2621  0.1146  0.0485  0.0261  0.0050  0.0006 -0.0029  0.0073  0.0143  0.0093  0.0061  0.0032  0.0015 -0.0002 -0.0037 -0.0022 -0.0025 -0.0010 -0.0001 -0.0012 -0.0030  0.0025  0.0072  0.1759  0.2908  0.4636  1.0000  0.4509  0.2621  0.1146  0.0485  0.0261  0.0050  0.0006 -0.0029  0.0073  0.0143  0.0093  0.0061  0.0032  0.0015 -0.0002 -0.0037 -0.0022 -0.0025 -0.0010 -0.0001 -0.0012 -0.0030  0.0025  0.0072  0.1759  0.2908  0.4636  1.0000
    62   biomA     1.0650e+02 6.8576e+01   0.0338  0.0771  0.1298  0.2083  0.4509  1.0000  0.5809  0.2526  0.1075  0.0586  0.0139  0.0030 -0.0040  0.0119  0.0230  0.0150  0.0098  0.0052  0.0024 -0.0003 -0.0059 -0.0035 -0.0040 -0.0016 -0.0002 -0.0018 -0.0048  0.0040  0.0116  0.0771  0.1298  0.2083  0.4509  1.0000  0.5809  0.2526  0.1075  0.0586  0.0139  0.0030 -0.0040  0.0119  0.0230  0.0150  0.0098  0.0052  0.0024 -0.0003 -0.0059 -0.0035 -0.0040 -0.0016 -0.0002 -0.0018 -0.0048  0.0040  0.0116  0.0771  0.1298  0.2083  0.4509  1.0000
    63   biomA     1.1445e+02 7.3223e+01   0.0548  0.0417  0.0736  0.1201  0.2621  0.5809  1.0000  0.4345  0.1851  0.1010  0.0248  0.0056 -0.0063  0.0194  0.0373  0.0244  0.0158  0.0084  0.0039 -0.0005 -0.0096 -0.0056 -0.0064 -0.0025 -0.0003 -0.0030 -0.0078  0.0065  0.0188  0.0417  0.0736  0.1201  0.2621  0.5809  1.0000  0.4345  0.1851  0.1010  0.0248  0.0056 -0.0063  0.0194  0.0373  0.0244  0.0158  0.0084  0.0039 -0.0005 -0.0096 -0.0056 -0.0064 -0.0025 -0.0003 -0.0030 -0.0078  0.0065  0.0188  0.0417  0.0736  0.1201  0.2621  0.5809  1.0000
    64   biomA     1.2298e+02 4.8376e+01   0.1224  0.0093  0.0271  0.0497  0.1146  0.2526  0.4345  1.0000  0.4261  0.2328  0.0578  0.0132 -0.0138  0.0434  0.0833  0.0544  0.0354  0.0188  0.0087 -0.0011 -0.0214 -0.0126 -0.0144 -0.0056 -0.0006 -0.0067 -0.0175  0.0145  0.0420  0.0093  0.0271  0.0497  0.1146  0.2526  0.4345  1.0000  0.4261  0.2328  0.0578  0.0132 -0.0138  0.0434  0.0833  0.0544  0.0354  0.0188  0.0087 -0.0011 -0.0214 -0.0126 -0.0144 -0.0056 -0.0006 -0.0067 -0.0175  0.0145  0.0420  0.0093  0.0271  0.0497  0.1146  0.2526  0.4345  1.0000
    65   biomA     9.8755e+01 6.2236e+01   0.0134  0.0074  0.0135  0.0221  0.0485  0.1075  0.1851  0.4261  1.0000  0.5623  0.1961  0.0642  0.0186  0.0114  0.0117  0.0076  0.0049  0.0027  0.0014  0.0002 -0.0022 -0.0013 -0.0016 -0.0006 -0.0001 -0.0007 -0.0019  0.0016  0.0046  0.0074  0.0135  0.0221  0.0485  0.1075  0.1851  0.4261  1.0000  0.5623  0.1961  0.0642  0.0186  0.0114  0.0117  0.0076  0.0049  0.0027  0.0014  0.0002 -0.0022 -0.0013 -0.0016 -0.0006 -0.0001 -0.0007 -0.0019  0.0016  0.0046  0.0074  0.0135  0.0221  0.0485  0.1075  0.1851  0.4261  1.0000
    66   biomA     7.9300e+01 4.8938e+01  -0.0505  0.0092  0.0102  0.0135  0.0261  0.0586  0.1010  0.2328  0.5623  1.0000  0.3636  0.1227  0.0467 -0.0043 -0.0292 -0.0191 -0.0126 -0.0065 -0.0027  0.0010  0.0091  0.0053  0.0060  0.0023  0.0003  0.0028  0.0072 -0.0060 -0.0173  0.0092  0.0102  0.0135  0.0261  0.0586  0.1010  0.2328  0.5623  1.0000  0.3636  0.1227  0.0467 -0.0043 -0.0292 -0.0191 -0.0126 -0.0065 -0.0027  0.0010  0.0091  0.0053  0.0060  0.0023  0.0003  0.0028  0.0072 -0.0060 -0.0173  0.0092  0.0102  0.0135  0.0261  0.0586  0.1010  0.2328  0.5623  1.0000
    67   biomA     6.3678e+01 2.0708e+01  -0.2178  0.0205  0.0128  0.0085  0.0050  0.0139  0.0248  0.0578  0.1961  0.3636  1.0000  0.3413  0.1412 -0.0386 -0.1334 -0.0874 -0.0572 -0.0299 -0.0131  0.0035  0.0387  0.0226  0.0257  0.0101  0.0012  0.0119  0.0311 -0.0257 -0.0747  0.0205  0.0128  0.0085  0.0050  0.0139  0.0248  0.0578  0.1961  0.3636  1.0000  0.3413  0.1412 -0.0386 -0.1334 -0.0874 -0.0572 -0.0299 -0.0131  0.0035  0.0387  0.0226  0.0257  0.0101  0.0012  0.0119  0.0311 -0.0257 -0.0747  0.0205  0.0128  0.0085  0.0050  0.0139  0.0248  0.0578  0.1961  0.3636  1.0000
    68   biomA     8.8292e+01 4.7911e+01  -0.1201  0.0110  0.0064  0.0037  0.0006  0.0030  0.0056  0.0132  0.0642  0.1227  0.3413  1.0000  0.3374  0.0645 -0.0407 -0.0273 -0.0189 -0.0086 -0.0018  0.0055  0.0229  0.0131  0.0145  0.0057  0.0007  0.0066  0.0172 -0.0142 -0.0412  0.0110  0.0064  0.0037  0.0006  0.0030  0.0056  0.0132  0.0642  0.1227  0.3413  1.0000  0.3374  0.0645 -0.0407 -0.0273 -0.0189 -0.0086 -0.0018  0.0055  0.0229  0.0131  0.0145  0.0057  0.0007  0.0066  0.0172 -0.0142 -0.0412  0.0110  0.0064  0.0037  0.0006  0.0030  0.0056  0.0132  0.0642  0.1227  0.3413  1.0000
    69   biomA     1.2242e+02 3.9210e+01  -0.1856  0.0162  0.0088  0.0039 -0.0029 -0.0040 -0.0063 -0.0138  0.0186  0.0467  0.1412  0.3374  1.0000  0.2579 -0.0023 -0.0035 -0.0059  0.0013  0.0072  0.0150  0.0383  0.0214  0.0228  0.0090  0.0012  0.0102  0.0265 -0.0219 -0.0637  0.0162  0.0088  0.0039 -0.0029 -0.0040 -0.0063 -0.0138  0.0186  0.0467  0.1412  0.3374  1.0000  0.2579 -0.0023 -0.0035 -0.0059  0.0013  0.0072  0.0150  0.0383  0.0214  0.0228  0.0090  0.0012  0.0102  0.0265 -0.0219 -0.0637  0.0162  0.0088  0.0039 -0.0029 -0.0040 -0.0063 -0.0138  0.0186  0.0467  0.1412  0.3374  1.0000
    70   biomA     3.9009e+02 2.4103e+02   0.3305 -0.0285 -0.0151 -0.0059  0.0073  0.0119  0.0194  0.0434  0.0114 -0.0043 -0.0386  0.0645  0.2579  1.0000  0.5633  0.3624  0.2258  0.1322  0.0792  0.0335 -0.0417 -0.0275 -0.0361 -0.0140 -0.0012 -0.0179 -0.0471  0.0391  0.1134 -0.0285 -0.0151 -0.0059  0.0073  0.0119  0.0194  0.0434  0.0114 -0.0043 -0.0386  0.0645  0.2579  1.0000  0.5633  0.3624  0.2258  0.1322  0.0792  0.0335 -0.0417 -0.0275 -0.0361 -0.0140 -0.0012 -0.0179 -0.0471  0.0391  0.1134 -0.0285 -0.0151 -0.0059  0.0073  0.0119  0.0194  0.0434  0.0114 -0.0043 -0.0386  0.0645  0.2579  1.0000
    71   biomA     1.2430e+03 8.6602e+02   0.6714 -0.0580 -0.0308 -0.0123  0.0143  0.0230  0.0373  0.0833  0.0117 -0.0292 -0.1334 -0.0407 -0.0023  0.5633  1.0000  0.6444  0.4032  0.2339  0.1372  0.0525 -0.0915 -0.0587 -0.0745 -0.0289 -0.0027 -0.0364 -0.0957  0.0794  0.2304 -0.0580 -0.0308 -0.0123  0.0143  0.0230  0.0373  0.0833  0.0117 -0.0292 -0.1334 -0.0407 -0.0023  0.5633  1.0000  0.6444  0.4032  0.2339  0.1372  0.0525 -0.0915 -0.0587 -0.0745 -0.0289 -0.0027 -0.0364 -0.0957  0.0794  0.2304 -0.0580 -0.0308 -0.0123  0.0143  0.0230  0.0373  0.0833  0.0117 -0.0292 -0.1334 -0.0407 -0.0023  0.5633  1.0000
    72   biomA     9.0940e+02 6.6817e+02   0.4388 -0.0379 -0.0201 -0.0080  0.0093  0.0150  0.0244  0.0544  0.0076 -0.0191 -0.0874 -0.0273 -0.0035  0.3624  0.6444  1.0000  0.6135  0.3715  0.2392  0.1321 -0.0169 -0.0212 -0.0413 -0.0157 -0.0004 -0.0232 -0.0623  0.0520  0.1507 -0.0379 -0.0201 -0.0080  0.0093  0.0150  0.0244  0.0544  0.0076 -0.0191 -0.0874 -0.0273 -0.0035  0.3624  0.6444  1.0000  0.6135  0.3715  0.2392  0.1321 -0.0169 -0.0212 -0.0413 -0.0157 -0.0004 -0.0232 -0.0623  0.0520  0.1507 -0.0379 -0.0201 -0.0080  0.0093  0.0150  0.0244  0.0544  0.0076 -0.0191 -0.0874 -0.0273 -0.0035  0.3624  0.6444  1.0000
    73   biomA     6.6532e+02 4.1298e+02   0.2855 -0.0247 -0.0131 -0.0052  0.0061  0.0098  0.0158  0.0354  0.0049 -0.0126 -0.0572 -0.0189 -0.0059  0.2258  0.4032  0.6135  1.0000  0.6170  0.4124  0.2537  0.0626  0.0157 -0.0141 -0.0046  0.0020 -0.0142 -0.0401  0.0340  0.0981 -0.0247 -0.0131 -0.0052  0.0061  0.0098  0.0158  0.0354  0.0049 -0.0126 -0.0572 -0.0189 -0.0059  0.2258  0.4032  0.6135  1.0000  0.6170  0.4124  0.2537  0.0626  0.0157 -0.0141 -0.0046  0.0020 -0.0142 -0.0401  0.0340  0.0981 -0.0247 -0.0131 -0.0052  0.0061  0.0098  0.0158  0.0354  0.0049 -0.0126 -0.0572 -0.0189 -0.0059  0.2258  0.4032  0.6135  1.0000
    74   biomA     4.5129e+02 3.4498e+02   0.1516 -0.0131 -0.0070 -0.0028  0.0032  0.0052  0.0084  0.0188  0.0027 -0.0065 -0.0299 -0.0086  0.0013  0.1322  0.2339  0.3715  0.6170  1.0000  0.6790  0.4354  0.1652  0.0611  0.0153  0.0075  0.0052 -0.0058 -0.0206  0.0184  0.0523 -0.0131 -0.0070 -0.0028  0.0032  0.0052  0.0084  0.0188  0.0027 -0.0065 -0.0299 -0.0086  0.0013  0.1322  0.2339  0.3715  0.6170  1.0000  0.6790  0.4354  0.1652  0.0611  0.0153  0.0075  0.0052 -0.0058 -0.0206  0.0184  0.0523 -0.0131 -0.0070 -0.0028  0.0032  0.0052  0.0084  0.0188  0.0027 -0.0065 -0.0299 -0.0086  0.0013  0.1322  0.2339  0.3715  0.6170  1.0000
    75   biomA     3.0611e+02 2.3940e+02   0.0697 -0.0060 -0.0032 -0.0013  0.0015  0.0024  0.0039  0.0087  0.0014 -0.0027 -0.0131 -0.0018  0.0072  0.0792  0.1372  0.2392  0.4124  0.6790  1.0000  0.6498  0.2733  0.1070  0.0411  0.0184  0.0086 -0.0001 -0.0084  0.0089  0.0243 -0.0060 -0.0032 -0.0013  0.0015  0.0024  0.0039  0.0087  0.0014 -0.0027 -0.0131 -0.0018  0.0072  0.0792  0.1372  0.2392  0.4124  0.6790  1.0000  0.6498  0.2733  0.1070  0.0411  0.0184  0.0086 -0.0001 -0.0084  0.0089  0.0243 -0.0060 -0.0032 -0.0013  0.0015  0.0024  0.0039  0.0087  0.0014 -0.0027 -0.0131 -0.0018  0.0072  0.0792  0.1372  0.2392  0.4124  0.6790  1.0000
    76   biomA     2.0763e+02 1.4192e+02  -0.0098  0.0009  0.0005  0.0002 -0.0002 -0.0003 -0.0005 -0.0011  0.0002  0.0010  0.0035  0.0055  0.0150  0.0335  0.0525  0.1321  0.2537  0.4354  0.6498  1.0000  0.4406  0.1766  0.0770  0.0337  0.0138  0.0062  0.0038 -0.0001 -0.0028  0.0009  0.0005  0.0002 -0.0002 -0.0003 -0.0005 -0.0011  0.0002  0.0010  0.0035  0.0055  0.0150  0.0335  0.0525  0.1321  0.2537  0.4354  0.6498  1.0000  0.4406  0.1766  0.0770  0.0337  0.0138  0.0062  0.0038 -0.0001 -0.0028  0.0009  0.0005  0.0002 -0.0002 -0.0003 -0.0005 -0.0011  0.0002  0.0010  0.0035  0.0055  0.0150  0.0335  0.0525  0.1321  0.2537  0.4354  0.6498  1.0000
    77   biomA     1.4084e+02 5.4719e+01  -0.1750  0.0151  0.0080  0.0032 -0.0037 -0.0059 -0.0096 -0.0214 -0.0022  0.0091  0.0387  0.0229  0.0383 -0.0417 -0.0915 -0.0169  0.0626  0.1652  0.2733  0.4406  1.0000  0.4058  0.1881  0.0814  0.0312  0.0220  0.0303 -0.0183 -0.0588  0.0151  0.0080  0.0032 -0.0037 -0.0059 -0.0096 -0.0214 -0.0022  0.0091  0.0387  0.0229  0.0383 -0.0417 -0.0915 -0.0169  0.0626  0.1652  0.2733  0.4406  1.0000  0.4058  0.1881  0.0814  0.0312  0.0220  0.0303 -0.0183 -0.0588  0.0151  0.0080  0.0032 -0.0037 -0.0059 -0.0096 -0.0214 -0.0022  0.0091  0.0387  0.0229  0.0383 -0.0417 -0.0915 -0.0169  0.0626  0.1652  0.2733  0.4406  1.0000
    78   biomA     1.4500e+02 8.4104e+01  -0.1029  0.0089  0.0047  0.0019 -0.0022 -0.0035 -0.0056 -0.0126 -0.0013  0.0053  0.0226  0.0131  0.0214 -0.0275 -0.0587 -0.0212  0.0157  0.0611  0.1070  0.1766  0.4058  1.0000  0.4396  0.1919  0.0779  0.0375  0.0282 -0.0060 -0.0321  0.0089  0.0047  0.0019 -0.0022 -0.0035 -0.0056 -0.0126 -0.0013  0.0053  0.0226  0.0131  0.0214 -0.0275 -0.0587 -0.0212  0.0157  0.0611  0.1070  0.1766  0.4058  1.0000  0.4396  0.1919  0.0779  0.0375  0.0282 -0.0060 -0.0321  0.0089  0.0047  0.0019 -0.0022 -0.0035 -0.0056 -0.0126 -0.0013  0.0053  0.0226  0.0131  0.0214 -0.0275 -0.0587 -0.0212  0.0157  0.0611  0.1070  0.1766  0.4058  1.0000
    79   biomA     1.4929e+02 6.5223e+01  -0.1177  0.0102  0.0054  0.0022 -0.0025 -0.0040 -0.0064 -0.0144 -0.0016  0.0060  0.0257  0.0145  0.0228 -0.0361 -0.0745 -0.0413 -0.0141  0.0153  0.0411  0.0770  0.1881  0.4396  1.0000  0.4371  0.1791  0.0799  0.0480  0.0003 -0.0331  0.0102  0.0054  0.0022 -0.0025 -0.0040 -0.0064 -0.0144 -0.0016  0.0060  0.0257  0.0145  0.0228 -0.0361 -0.0745 -0.0413 -0.0141  0.0153  0.0411  0.0770  0.1881  0.4396  1.0000  0.4371  0.1791  0.0799  0.0480  0.0003 -0.0331  0.0102  0.0054  0.0022 -0.0025 -0.0040 -0.0064 -0.0144 -0.0016  0.0060  0.0257  0.0145  0.0228 -0.0361 -0.0745 -0.0413 -0.0141  0.0153  0.0411  0.0770  0.1881  0.4396  1.0000
    80   biomA     1.8247e+02 1.0624e+02  -0.0460  0.0040  0.0021  0.0008 -0.0010 -0.0016 -0.0025 -0.0056 -0.0006  0.0023  0.0101  0.0057  0.0090 -0.0140 -0.0289 -0.0157 -0.0046  0.0075  0.0184  0.0337  0.0814  0.1919  0.4371  1.0000  0.4129  0.1723  0.0787  0.0273  0.0010  0.0040  0.0021  0.0008 -0.0010 -0.0016 -0.0025 -0.0056 -0.0006  0.0023  0.0101  0.0057  0.0090 -0.0140 -0.0289 -0.0157 -0.0046  0.0075  0.0184  0.0337  0.0814  0.1919  0.4371  1.0000  0.4129  0.1723  0.0787  0.0273  0.0010  0.0040  0.0021  0.0008 -0.0010 -0.0016 -0.0025 -0.0056 -0.0006  0.0023  0.0101  0.0057  0.0090 -0.0140 -0.0289 -0.0157 -0.0046  0.0075  0.0184  0.0337  0.0814  0.1919  0.4371  1.0000
    81   biomA     2.2302e+02 8.9769e+01  -0.0052  0.0005  0.0002  0.0001 -0.0001 -0.0002 -0.0003 -0.0006 -0.0001  0.0003  0.0012  0.0007  0.0012 -0.0012 -0.0027 -0.0004  0.0020  0.0052  0.0086  0.0138  0.0312  0.0779  0.1791  0.4129  1.0000  0.4118  0.1757  0.0788  0.0390  0.0005  0.0002  0.0001 -0.0001 -0.0002 -0.0003 -0.0006 -0.0001  0.0003  0.0012  0.0007  0.0012 -0.0012 -0.0027 -0.0004  0.0020  0.0052  0.0086  0.0138  0.0312  0.0779  0.1791  0.4129  1.0000  0.4118  0.1757  0.0788  0.0390  0.0005  0.0002  0.0001 -0.0001 -0.0002 -0.0003 -0.0006 -0.0001  0.0003  0.0012  0.0007  0.0012 -0.0012 -0.0027 -0.0004  0.0020  0.0052  0.0086  0.0138  0.0312  0.0779  0.1791  0.4129  1.0000
    82   biomA     2.5054e+02 1.4545e+02  -0.0546  0.0047  0.0025  0.0010 -0.0012 -0.0018 -0.0030 -0.0067 -0.0007  0.0028  0.0119  0.0066  0.0102 -0.0179 -0.0364 -0.0232 -0.0142 -0.0058 -0.0001  0.0062  0.0220  0.0375  0.0799  0.1723  0.4118  1.0000  0.4316  0.1859  0.0801  0.0047  0.0025  0.0010 -0.0012 -0.0018 -0.0030 -0.0067 -0.0007  0.0028  0.0119  0.0066  0.0102 -0.0179 -0.0364 -0.0232 -0.0142 -0.0058 -0.0001  0.0062  0.0220  0.0375  0.0799  0.1723  0.4118  1.0000  0.4316  0.1859  0.0801  0.0047  0.0025  0.0010 -0.0012 -0.0018 -0.0030 -0.0067 -0.0007  0.0028  0.0119  0.0066  0.0102 -0.0179 -0.0364 -0.0232 -0.0142 -0.0058 -0.0001  0.0062  0.0220  0.0375  0.0799  0.1723  0.4118  1.0000
    83   biomA     2.8144e+02 1.2116e+02  -0.1427  0.0123  0.0066  0.0026 -0.0030 -0.0048 -0.0078 -0.0175 -0.0019  0.0072  0.0311  0.0171  0.0265 -0.0471 -0.0957 -0.0623 -0.0401 -0.0206 -0.0084  0.0038  0.0303  0.0282  0.0480  0.0787  0.1757  0.4316  1.0000  0.4278  0.1794  0.0123  0.0066  0.0026 -0.0030 -0.0048 -0.0078 -0.0175 -0.0019  0.0072  0.0311  0.0171  0.0265 -0.0471 -0.0957 -0.0623 -0.0401 -0.0206 -0.0084  0.0038  0.0303  0.0282  0.0480  0.0787  0.1757  0.4316  1.0000  0.4278  0.1794  0.0123  0.0066  0.0026 -0.0030 -0.0048 -0.0078 -0.0175 -0.0019  0.0072  0.0311  0.0172  0.0265 -0.0471 -0.0957 -0.0623 -0.0401 -0.0206 -0.0084  0.0038  0.0303  0.0282  0.0480  0.0787  0.1757  0.4316  1.0000
    84   biomA     5.0665e+02 3.2018e+02   0.1181 -0.0102 -0.0054 -0.0022  0.0025  0.0040  0.0065  0.0145  0.0016 -0.0060 -0.0257 -0.0142 -0.0219  0.0391  0.0794  0.0520  0.0340  0.0184  0.0089 -0.0001 -0.0183 -0.0060  0.0003  0.0273  0.0788  0.1859  0.4278  1.0000  0.5470 -0.0102 -0.0054 -0.0022  0.0025  0.0040  0.0065  0.0145  0.0016 -0.0060 -0.0257 -0.0142 -0.0219  0.0391  0.0794  0.0520  0.0340  0.0184  0.0089 -0.0001 -0.0183 -0.0060  0.0003  0.0273  0.0788  0.1859  0.4278  1.0000  0.5470 -0.0102 -0.0054 -0.0022  0.0025  0.0040  0.0065  0.0145  0.0016 -0.0060 -0.0257 -0.0142 -0.0219  0.0391  0.0794  0.0520  0.0340  0.0184  0.0089 -0.0001 -0.0183 -0.0060  0.0003  0.0273  0.0788  0.1859  0.4278  1.0000
    85   biomA     9.1208e+02 5.6017e+02   0.3432 -0.0297 -0.0158 -0.0063  0.0072  0.0116  0.0188  0.0420  0.0046 -0.0173 -0.0747 -0.0412 -0.0637  0.1134  0.2304  0.1507  0.0981  0.0523  0.0243 -0.0028 -0.0588 -0.0321 -0.0331  0.0010  0.0390  0.0801  0.1794  0.5470  1.0000 -0.0297 -0.0158 -0.0063  0.0072  0.0116  0.0188  0.0420  0.0046 -0.0173 -0.0747 -0.0412 -0.0637  0.1134  0.2304  0.1507  0.0981  0.0523  0.0243 -0.0028 -0.0588 -0.0321 -0.0331  0.0010  0.0390  0.0801  0.1794  0.5470  1.0000 -0.0297 -0.0158 -0.0063  0.0072  0.0116  0.0188  0.0420  0.0046 -0.0173 -0.0747 -0.0412 -0.0637  0.1134  0.2304  0.1507  0.0981  0.0523  0.0243 -0.0028 -0.0588 -0.0321 -0.0331  0.0010  0.0390  0.0801  0.1794  0.5470  1.0000
