 The logarithm of the determinant of the hessian = 2.34442
 index   name       value      std.dev       1       2       3       4       5       6       7       8       9      10      11      12      13      14      15      16      17      18      19      20      21      22      23      24      25      26      27      28      29      30      31      32      33      34      35      36      37      38      39      40      41      42      43      44      45      46      47      48      49      50      51      52      53      54      55      56      57      58      59      60      61      62      63      64      65      66      67      68      69      70      71   
     1   logSdLam -4.3444e-01 3.0968e-01   1.0000
     2   biom      3.2893e+00 6.3485e-01  -0.1973  1.0000
     3   biom      3.5391e+00 5.7172e-01  -0.0809  0.5735  1.0000
     4   biom      3.7592e+00 6.6679e-01  -0.0205  0.3342  0.5899  1.0000
     5   biom      3.9792e+00 6.0599e-01   0.0312  0.1944  0.3548  0.6065  1.0000
     6   biom      4.2434e+00 7.5606e-01   0.1192  0.1040  0.2176  0.3836  0.6390  1.0000
     7   biom      4.5075e+00 8.0264e-01   0.2010  0.0492  0.1420  0.2648  0.4488  0.7107  1.0000
     8   biom      4.7716e+00 7.6489e-01   0.3041  0.0004  0.0830  0.1765  0.3102  0.5030  0.7134  1.0000
     9   biom      5.0358e+00 6.2777e-01   0.4841 -0.0619  0.0206  0.0917  0.1823  0.3171  0.4598  0.6516  1.0000
    10   biom      4.1667e+00 5.2686e-01  -0.2394  0.0659  0.0527  0.0615  0.0856  0.1158  0.1536  0.2079  0.3102  1.0000
    11   biom      4.2334e+00 5.0386e-01  -0.1053  0.0298  0.0247  0.0296  0.0419  0.0575  0.0768  0.1042  0.1559  0.4829  1.0000
    12   biom      4.1660e+00 4.9918e-01  -0.1907  0.0417  0.0228  0.0164  0.0146  0.0092  0.0063  0.0041  0.0019  0.2540  0.4702  1.0000
    13   biom      4.2946e+00 4.5151e-01  -0.1628  0.0339  0.0163  0.0087  0.0037 -0.0057 -0.0136 -0.0229 -0.0385  0.1282  0.2099  0.4438  1.0000
    14   biom      4.3914e+00 5.0908e-01  -0.2911  0.0582  0.0249  0.0082 -0.0054 -0.0291 -0.0507 -0.0776 -0.1244  0.1064  0.1100  0.2253  0.4479  1.0000
    15   biom      4.9832e+00 4.8604e-01  -0.0125  0.0028  0.0016  0.0013  0.0013  0.0011  0.0012  0.0013  0.0017  0.0203  0.0386  0.0823  0.1905  0.4343  1.0000
    16   biom      5.6629e+00 4.7703e-01   0.3915 -0.0771 -0.0314 -0.0076  0.0129  0.0477  0.0801  0.1210  0.1925 -0.0871 -0.0268 -0.0438  0.0090  0.0522  0.3810  1.0000
    17   biom      5.6525e+00 5.1155e-01   0.3100 -0.0611 -0.0250 -0.0062  0.0099  0.0374  0.0629  0.0951  0.1514 -0.0713 -0.0264 -0.0457 -0.0189 -0.0182  0.1634  0.4884  1.0000
    18   biom      5.3293e+00 6.9605e-01   0.1231 -0.0242 -0.0099 -0.0024  0.0040  0.0149  0.0251  0.0379  0.0603 -0.0278 -0.0094 -0.0157 -0.0018  0.0059  0.0953  0.2607  0.5615  1.0000
    19   biom      5.0061e+00 7.4922e-01   0.0170 -0.0033 -0.0013 -0.0003  0.0006  0.0022  0.0037  0.0055  0.0088 -0.0029  0.0007  0.0020  0.0096  0.0234  0.0655  0.1510  0.3606  0.6707  1.0000
    20   biom      4.6829e+00 7.0161e-01  -0.0859  0.0170  0.0070  0.0018 -0.0026 -0.0101 -0.0171 -0.0259 -0.0413  0.0213  0.0107  0.0199  0.0223  0.0441  0.0454  0.0637  0.2130  0.4403  0.6728  1.0000
    21   biom      4.3597e+00 5.2655e-01  -0.2532  0.0500  0.0205  0.0052 -0.0078 -0.0301 -0.0508 -0.0769 -0.1224  0.0611  0.0276  0.0502  0.0459  0.0843  0.0278 -0.0451  0.0545  0.2191  0.3700  0.5728  1.0000
    22   biom      4.4017e+00 6.3249e-01  -0.1910  0.0377  0.0155  0.0039 -0.0059 -0.0227 -0.0384 -0.0580 -0.0924  0.0460  0.0206  0.0375  0.0336  0.0614  0.0158 -0.0454  0.0132  0.1128  0.2006  0.3166  0.5582  1.0000
    23   biom      4.4436e+00 5.4344e-01  -0.1994  0.0393  0.0161  0.0041 -0.0062 -0.0237 -0.0400 -0.0606 -0.0965  0.0479  0.0213  0.0386  0.0338  0.0612  0.0099 -0.0619 -0.0220  0.0503  0.1086  0.1820  0.3304  0.5671  1.0000
    24   biom      5.0006e+00 5.4316e-01   0.2901 -0.0572 -0.0235 -0.0060  0.0090  0.0346  0.0583  0.0882  0.1405 -0.0694 -0.0304 -0.0550 -0.0465 -0.0829 -0.0001  0.1214  0.1092  0.0721  0.0593  0.0551  0.0624  0.2014  0.4084  1.0000
    25   biom      4.8783e+00 6.7297e-01   0.1856 -0.0366 -0.0150 -0.0038  0.0058  0.0221  0.0373  0.0565  0.0899 -0.0444 -0.0195 -0.0352 -0.0298 -0.0532 -0.0003  0.0772  0.0687  0.0438  0.0345  0.0302  0.0313  0.1126  0.2317  0.5818  1.0000
    26   biom      4.7560e+00 6.4607e-01   0.1428 -0.0282 -0.0116 -0.0029  0.0045  0.0170  0.0287  0.0435  0.0692 -0.0342 -0.0150 -0.0271 -0.0230 -0.0410 -0.0005  0.0587  0.0512  0.0307  0.0220  0.0165  0.0128  0.0652  0.1395  0.3714  0.6299  1.0000
    27   biom      4.6336e+00 4.3423e-01   0.1374 -0.0271 -0.0111 -0.0028  0.0043  0.0164  0.0276  0.0418  0.0665 -0.0329 -0.0144 -0.0261 -0.0222 -0.0397 -0.0011  0.0552  0.0460  0.0234  0.0120  0.0025 -0.0105  0.0196  0.0558  0.2033  0.3245  0.5051  1.0000
    28   biom      4.2687e+00 4.7776e-01  -0.0763  0.0151  0.0062  0.0016 -0.0024 -0.0091 -0.0153 -0.0232 -0.0369  0.0183  0.0080  0.0146  0.0125  0.0223  0.0012 -0.0293 -0.0222 -0.0067  0.0027  0.0124  0.0293  0.0334  0.0494  0.0449  0.1085  0.1882  0.3920  1.0000
    29   biom      4.0587e+00 4.9969e-01  -0.1232  0.0243  0.0100  0.0025 -0.0038 -0.0147 -0.0248 -0.0375 -0.0596  0.0295  0.0130  0.0235  0.0201  0.0359  0.0017 -0.0480 -0.0376 -0.0140 -0.0003  0.0132  0.0357  0.0320  0.0398 -0.0057  0.0320  0.0715  0.1632  0.4542  1.0000
    30   biom      3.8707e+00 5.1204e-01  -0.2153  0.0425  0.0174  0.0044 -0.0067 -0.0257 -0.0433 -0.0655 -0.1042  0.0516  0.0227  0.0411  0.0351  0.0627  0.0028 -0.0842 -0.0665 -0.0260 -0.0029  0.0197  0.0566  0.0450  0.0499 -0.0487 -0.0149  0.0099  0.0527  0.2196  0.4763  1.0000
    31   biom      3.8461e+00 5.1610e-01  -0.2412  0.0476  0.0195  0.0050 -0.0075 -0.0287 -0.0485 -0.0733 -0.1167  0.0577  0.0254  0.0460  0.0393  0.0702  0.0031 -0.0943 -0.0746 -0.0294 -0.0037  0.0213  0.0620  0.0479  0.0513 -0.0636 -0.0331 -0.0156  0.0050  0.1127  0.2385  0.4946  1.0000
    32   biom      3.9207e+00 5.2340e-01  -0.2914  0.0575  0.0236  0.0060 -0.0091 -0.0347 -0.0586 -0.0886 -0.1411  0.0698  0.0307  0.0556  0.0474  0.0849  0.0037 -0.1141 -0.0903 -0.0358 -0.0048  0.0253  0.0742  0.0565  0.0596 -0.0816 -0.0487 -0.0329 -0.0224  0.0657  0.1321  0.2667  0.5042  1.0000
    33   biom      4.3460e+00 5.0213e-01  -0.1108  0.0219  0.0090  0.0023 -0.0035 -0.0132 -0.0223 -0.0337 -0.0537  0.0265  0.0117  0.0211  0.0180  0.0323  0.0014 -0.0434 -0.0343 -0.0136 -0.0018  0.0096  0.0283  0.0216  0.0228 -0.0307 -0.0180 -0.0116 -0.0067  0.0295  0.0603  0.1227  0.2370  0.4757  1.0000
    34   biom      4.3984e+00 5.3962e-01  -0.4138  0.0816  0.0335  0.0085 -0.0129 -0.0493 -0.0832 -0.1258 -0.2003  0.0991  0.0436  0.0789  0.0674  0.1205  0.0052 -0.1620 -0.1283 -0.0509 -0.0070  0.0356  0.1049  0.0792  0.0828 -0.1194 -0.0757 -0.0573 -0.0533  0.0405  0.0706  0.1308  0.1885  0.3077  0.4626  1.0000
    35   biom      5.2979e+00 4.5408e-01  -0.0035  0.0007  0.0003  0.0001 -0.0001 -0.0004 -0.0007 -0.0011 -0.0017  0.0008  0.0004  0.0007  0.0006  0.0010  0.0000 -0.0014 -0.0011 -0.0004 -0.0000  0.0003  0.0009  0.0007  0.0008 -0.0007 -0.0001  0.0003  0.0012  0.0045  0.0098  0.0206  0.0430  0.0899  0.1984  0.3952  1.0000
    36   biom      6.3618e+00 5.9664e-01   0.5369 -0.1059 -0.0435 -0.0110  0.0167  0.0640  0.1079  0.1633  0.2599 -0.1286 -0.0566 -0.1024 -0.0874 -0.1563 -0.0067  0.2102  0.1665  0.0661  0.0092 -0.0461 -0.1360 -0.1025 -0.1070  0.1558  0.0999  0.0770  0.0744 -0.0394 -0.0627 -0.1083 -0.1138 -0.1235  0.0139 -0.0761  0.3691  1.0000
    37   biomsd    3.2893e+00 6.3485e-01  -0.1973  1.0000  0.5735  0.3342  0.1944  0.1040  0.0492  0.0004 -0.0619  0.0659  0.0298  0.0417  0.0339  0.0582  0.0028 -0.0771 -0.0611 -0.0242 -0.0033  0.0170  0.0500  0.0377  0.0393 -0.0572 -0.0366 -0.0282 -0.0271  0.0151  0.0243  0.0425  0.0476  0.0575  0.0219  0.0816  0.0007 -0.1059  1.0000
    38   biomsd    3.5391e+00 5.7172e-01  -0.0809  0.5735  1.0000  0.5899  0.3548  0.2176  0.1420  0.0830  0.0206  0.0527  0.0247  0.0228  0.0163  0.0249  0.0016 -0.0314 -0.0250 -0.0099 -0.0013  0.0070  0.0205  0.0155  0.0161 -0.0235 -0.0150 -0.0116 -0.0111  0.0062  0.0100  0.0174  0.0195  0.0236  0.0090  0.0335  0.0003 -0.0435  0.5735  1.0000
    39   biomsd    3.7592e+00 6.6679e-01  -0.0205  0.3342  0.5899  1.0000  0.6065  0.3836  0.2648  0.1765  0.0917  0.0615  0.0296  0.0164  0.0087  0.0082  0.0013 -0.0076 -0.0062 -0.0024 -0.0003  0.0018  0.0052  0.0039  0.0041 -0.0060 -0.0038 -0.0029 -0.0028  0.0016  0.0025  0.0044  0.0050  0.0060  0.0023  0.0085  0.0001 -0.0110  0.3342  0.5899  1.0000
    40   biomsd    3.9792e+00 6.0599e-01   0.0312  0.1944  0.3548  0.6065  1.0000  0.6390  0.4488  0.3102  0.1823  0.0856  0.0419  0.0146  0.0037 -0.0054  0.0013  0.0129  0.0099  0.0040  0.0006 -0.0026 -0.0078 -0.0059 -0.0062  0.0090  0.0058  0.0045  0.0043 -0.0024 -0.0038 -0.0067 -0.0075 -0.0091 -0.0035 -0.0129 -0.0001  0.0167  0.1944  0.3548  0.6065  1.0000
    41   biomsd    4.2434e+00 7.5606e-01   0.1192  0.1040  0.2176  0.3836  0.6390  1.0000  0.7107  0.5030  0.3171  0.1158  0.0575  0.0092 -0.0057 -0.0291  0.0011  0.0477  0.0374  0.0149  0.0022 -0.0101 -0.0301 -0.0227 -0.0237  0.0346  0.0221  0.0170  0.0164 -0.0091 -0.0147 -0.0257 -0.0287 -0.0347 -0.0132 -0.0493 -0.0004  0.0640  0.1040  0.2176  0.3836  0.6390  1.0000
    42   biomsd    4.5075e+00 8.0264e-01   0.2010  0.0492  0.1420  0.2648  0.4488  0.7107  1.0000  0.7134  0.4598  0.1536  0.0768  0.0063 -0.0136 -0.0507  0.0012  0.0801  0.0629  0.0251  0.0037 -0.0171 -0.0508 -0.0384 -0.0400  0.0583  0.0373  0.0287  0.0276 -0.0153 -0.0248 -0.0433 -0.0485 -0.0586 -0.0223 -0.0832 -0.0007  0.1079  0.0492  0.1420  0.2648  0.4488  0.7107  1.0000
    43   biomsd    4.7716e+00 7.6489e-01   0.3041  0.0004  0.0830  0.1765  0.3102  0.5030  0.7134  1.0000  0.6516  0.2079  0.1042  0.0041 -0.0229 -0.0776  0.0013  0.1210  0.0951  0.0379  0.0055 -0.0259 -0.0769 -0.0580 -0.0606  0.0882  0.0565  0.0435  0.0418 -0.0232 -0.0375 -0.0655 -0.0733 -0.0886 -0.0337 -0.1258 -0.0011  0.1633  0.0004  0.0830  0.1765  0.3102  0.5030  0.7134  1.0000
    44   biomsd    5.0358e+00 6.2777e-01   0.4841 -0.0619  0.0206  0.0917  0.1823  0.3171  0.4598  0.6516  1.0000  0.3102  0.1559  0.0019 -0.0385 -0.1244  0.0017  0.1925  0.1514  0.0603  0.0088 -0.0413 -0.1224 -0.0924 -0.0965  0.1405  0.0899  0.0692  0.0665 -0.0369 -0.0596 -0.1042 -0.1167 -0.1411 -0.0537 -0.2003 -0.0017  0.2599 -0.0619  0.0206  0.0917  0.1823  0.3171  0.4598  0.6516  1.0000
    45   biomsd    4.1667e+00 5.2686e-01  -0.2394  0.0659  0.0527  0.0615  0.0856  0.1158  0.1536  0.2079  0.3102  1.0000  0.4829  0.2540  0.1282  0.1064  0.0203 -0.0871 -0.0713 -0.0278 -0.0029  0.0213  0.0611  0.0460  0.0479 -0.0694 -0.0444 -0.0342 -0.0329  0.0183  0.0295  0.0516  0.0577  0.0698  0.0265  0.0991  0.0008 -0.1286  0.0659  0.0527  0.0615  0.0856  0.1158  0.1536  0.2079  0.3102  1.0000
    46   biomsd    4.2334e+00 5.0386e-01  -0.1053  0.0298  0.0247  0.0296  0.0419  0.0575  0.0768  0.1042  0.1559  0.4829  1.0000  0.4702  0.2099  0.1100  0.0386 -0.0268 -0.0264 -0.0094  0.0007  0.0107  0.0276  0.0206  0.0213 -0.0304 -0.0195 -0.0150 -0.0144  0.0080  0.0130  0.0227  0.0254  0.0307  0.0117  0.0436  0.0004 -0.0566  0.0298  0.0247  0.0296  0.0419  0.0575  0.0768  0.1042  0.1559  0.4829  1.0000
    47   biomsd    4.1660e+00 4.9918e-01  -0.1907  0.0417  0.0228  0.0164  0.0146  0.0092  0.0063  0.0041  0.0019  0.2540  0.4702  1.0000  0.4438  0.2253  0.0823 -0.0438 -0.0457 -0.0157  0.0020  0.0199  0.0502  0.0375  0.0386 -0.0550 -0.0352 -0.0271 -0.0261  0.0146  0.0235  0.0411  0.0460  0.0556  0.0211  0.0789  0.0007 -0.1024  0.0417  0.0228  0.0164  0.0146  0.0092  0.0063  0.0041  0.0019  0.2540  0.4702  1.0000
    48   biomsd    4.2946e+00 4.5151e-01  -0.1628  0.0339  0.0163  0.0087  0.0037 -0.0057 -0.0136 -0.0229 -0.0385  0.1282  0.2099  0.4438  1.0000  0.4479  0.1905  0.0090 -0.0189 -0.0018  0.0096  0.0223  0.0459  0.0336  0.0338 -0.0465 -0.0298 -0.0230 -0.0222  0.0125  0.0201  0.0351  0.0393  0.0474  0.0180  0.0674  0.0006 -0.0874  0.0339  0.0163  0.0087  0.0037 -0.0057 -0.0136 -0.0229 -0.0385  0.1282  0.2099  0.4438  1.0000
    49   biomsd    4.3914e+00 5.0908e-01  -0.2911  0.0582  0.0249  0.0082 -0.0054 -0.0291 -0.0507 -0.0776 -0.1244  0.1064  0.1100  0.2253  0.4479  1.0000  0.4343  0.0522 -0.0182  0.0059  0.0234  0.0441  0.0843  0.0614  0.0612 -0.0829 -0.0532 -0.0410 -0.0397  0.0223  0.0359  0.0627  0.0702  0.0849  0.0323  0.1205  0.0010 -0.1563  0.0582  0.0249  0.0082 -0.0054 -0.0291 -0.0507 -0.0776 -0.1244  0.1064  0.1100  0.2253  0.4479  1.0000
    50   biomsd    4.9832e+00 4.8604e-01  -0.0125  0.0028  0.0016  0.0013  0.0013  0.0011  0.0012  0.0013  0.0017  0.0203  0.0386  0.0823  0.1905  0.4343  1.0000  0.3810  0.1634  0.0953  0.0655  0.0454  0.0278  0.0158  0.0099 -0.0001 -0.0003 -0.0005 -0.0011  0.0012  0.0017  0.0028  0.0031  0.0037  0.0014  0.0052  0.0000 -0.0067  0.0028  0.0016  0.0013  0.0013  0.0011  0.0012  0.0013  0.0017  0.0203  0.0386  0.0823  0.1905  0.4343  1.0000
    51   biomsd    5.6629e+00 4.7703e-01   0.3915 -0.0771 -0.0314 -0.0076  0.0129  0.0477  0.0801  0.1210  0.1925 -0.0871 -0.0268 -0.0438  0.0090  0.0522  0.3810  1.0000  0.4884  0.2607  0.1510  0.0637 -0.0451 -0.0454 -0.0619  0.1214  0.0772  0.0587  0.0552 -0.0293 -0.0480 -0.0842 -0.0943 -0.1141 -0.0434 -0.1620 -0.0014  0.2102 -0.0771 -0.0314 -0.0076  0.0129  0.0477  0.0801  0.1210  0.1925 -0.0871 -0.0268 -0.0438  0.0090  0.0522  0.3810  1.0000
    52   biomsd    5.6525e+00 5.1155e-01   0.3100 -0.0611 -0.0250 -0.0062  0.0099  0.0374  0.0629  0.0951  0.1514 -0.0713 -0.0264 -0.0457 -0.0189 -0.0182  0.1634  0.4884  1.0000  0.5615  0.3606  0.2130  0.0545  0.0132 -0.0220  0.1092  0.0687  0.0512  0.0460 -0.0222 -0.0376 -0.0665 -0.0746 -0.0903 -0.0343 -0.1283 -0.0011  0.1665 -0.0611 -0.0250 -0.0062  0.0099  0.0374  0.0629  0.0951  0.1514 -0.0713 -0.0264 -0.0457 -0.0189 -0.0182  0.1634  0.4884  1.0000
    53   biomsd    5.3293e+00 6.9605e-01   0.1231 -0.0242 -0.0099 -0.0024  0.0040  0.0149  0.0251  0.0379  0.0603 -0.0278 -0.0094 -0.0157 -0.0018  0.0059  0.0953  0.2607  0.5615  1.0000  0.6707  0.4403  0.2191  0.1128  0.0503  0.0721  0.0438  0.0307  0.0234 -0.0067 -0.0140 -0.0260 -0.0294 -0.0358 -0.0136 -0.0509 -0.0004  0.0661 -0.0242 -0.0099 -0.0024  0.0040  0.0149  0.0251  0.0379  0.0603 -0.0278 -0.0094 -0.0157 -0.0018  0.0059  0.0953  0.2607  0.5615  1.0000
    54   biomsd    5.0061e+00 7.4922e-01   0.0170 -0.0033 -0.0013 -0.0003  0.0006  0.0022  0.0037  0.0055  0.0088 -0.0029  0.0007  0.0020  0.0096  0.0234  0.0655  0.1510  0.3606  0.6707  1.0000  0.6728  0.3700  0.2006  0.1086  0.0593  0.0345  0.0220  0.0120  0.0027 -0.0003 -0.0029 -0.0037 -0.0048 -0.0018 -0.0070 -0.0000  0.0092 -0.0033 -0.0013 -0.0003  0.0006  0.0022  0.0037  0.0055  0.0088 -0.0029  0.0007  0.0020  0.0096  0.0234  0.0655  0.1510  0.3606  0.6707  1.0000
    55   biomsd    4.6829e+00 7.0161e-01  -0.0859  0.0170  0.0070  0.0018 -0.0026 -0.0101 -0.0171 -0.0259 -0.0413  0.0213  0.0107  0.0199  0.0223  0.0441  0.0454  0.0637  0.2130  0.4403  0.6728  1.0000  0.5728  0.3166  0.1820  0.0551  0.0302  0.0165  0.0025  0.0124  0.0132  0.0197  0.0213  0.0253  0.0096  0.0356  0.0003 -0.0461  0.0170  0.0070  0.0018 -0.0026 -0.0101 -0.0171 -0.0259 -0.0413  0.0213  0.0107  0.0199  0.0223  0.0441  0.0454  0.0637  0.2130  0.4403  0.6728  1.0000
    56   biomsd    4.3597e+00 5.2655e-01  -0.2532  0.0500  0.0205  0.0052 -0.0078 -0.0301 -0.0508 -0.0769 -0.1224  0.0611  0.0276  0.0502  0.0459  0.0843  0.0278 -0.0451  0.0545  0.2191  0.3700  0.5728  1.0000  0.5582  0.3304  0.0624  0.0313  0.0128 -0.0105  0.0293  0.0357  0.0566  0.0620  0.0742  0.0283  0.1049  0.0009 -0.1360  0.0500  0.0205  0.0052 -0.0078 -0.0301 -0.0508 -0.0769 -0.1224  0.0611  0.0276  0.0502  0.0459  0.0843  0.0278 -0.0451  0.0545  0.2191  0.3700  0.5728  1.0000
    57   biomsd    4.4017e+00 6.3249e-01  -0.1910  0.0377  0.0155  0.0039 -0.0059 -0.0227 -0.0384 -0.0580 -0.0924  0.0460  0.0206  0.0375  0.0336  0.0614  0.0158 -0.0454  0.0132  0.1128  0.2006  0.3166  0.5582  1.0000  0.5671  0.2014  0.1126  0.0652  0.0196  0.0334  0.0320  0.0450  0.0479  0.0565  0.0216  0.0792  0.0007 -0.1025  0.0377  0.0155  0.0039 -0.0059 -0.0227 -0.0384 -0.0580 -0.0924  0.0460  0.0206  0.0375  0.0336  0.0614  0.0158 -0.0454  0.0132  0.1128  0.2006  0.3166  0.5582  1.0000
    58   biomsd    4.4436e+00 5.4344e-01  -0.1994  0.0393  0.0161  0.0041 -0.0062 -0.0237 -0.0400 -0.0606 -0.0965  0.0479  0.0213  0.0386  0.0338  0.0612  0.0099 -0.0619 -0.0220  0.0503  0.1086  0.1820  0.3304  0.5671  1.0000  0.4084  0.2317  0.1395  0.0558  0.0494  0.0398  0.0499  0.0513  0.0596  0.0228  0.0828  0.0008 -0.1070  0.0393  0.0161  0.0041 -0.0062 -0.0237 -0.0400 -0.0606 -0.0965  0.0479  0.0213  0.0386  0.0338  0.0612  0.0099 -0.0619 -0.0220  0.0503  0.1086  0.1820  0.3304  0.5671  1.0000
    59   biomsd    5.0006e+00 5.4316e-01   0.2901 -0.0572 -0.0235 -0.0060  0.0090  0.0346  0.0583  0.0882  0.1405 -0.0694 -0.0304 -0.0550 -0.0465 -0.0829 -0.0001  0.1214  0.1092  0.0721  0.0593  0.0551  0.0624  0.2014  0.4084  1.0000  0.5818  0.3714  0.2033  0.0449 -0.0057 -0.0487 -0.0636 -0.0816 -0.0307 -0.1194 -0.0007  0.1558 -0.0572 -0.0235 -0.0060  0.0090  0.0346  0.0583  0.0882  0.1405 -0.0694 -0.0304 -0.0550 -0.0465 -0.0829 -0.0001  0.1214  0.1092  0.0721  0.0593  0.0551  0.0624  0.2014  0.4084  1.0000
    60   biomsd    4.8783e+00 6.7297e-01   0.1856 -0.0366 -0.0150 -0.0038  0.0058  0.0221  0.0373  0.0565  0.0899 -0.0444 -0.0195 -0.0352 -0.0298 -0.0532 -0.0003  0.0772  0.0687  0.0438  0.0345  0.0302  0.0313  0.1126  0.2317  0.5818  1.0000  0.6299  0.3245  0.1085  0.0320 -0.0149 -0.0331 -0.0487 -0.0180 -0.0757 -0.0001  0.0999 -0.0366 -0.0150 -0.0038  0.0058  0.0221  0.0373  0.0565  0.0899 -0.0444 -0.0195 -0.0352 -0.0298 -0.0532 -0.0003  0.0772  0.0687  0.0438  0.0345  0.0302  0.0313  0.1126  0.2317  0.5818  1.0000
    61   biomsd    4.7560e+00 6.4607e-01   0.1428 -0.0282 -0.0116 -0.0029  0.0045  0.0170  0.0287  0.0435  0.0692 -0.0342 -0.0150 -0.0271 -0.0230 -0.0410 -0.0005  0.0587  0.0512  0.0307  0.0220  0.0165  0.0128  0.0652  0.1395  0.3714  0.6299  1.0000  0.5051  0.1882  0.0715  0.0099 -0.0156 -0.0329 -0.0116 -0.0573  0.0003  0.0770 -0.0282 -0.0116 -0.0029  0.0045  0.0170  0.0287  0.0435  0.0692 -0.0342 -0.0150 -0.0271 -0.0230 -0.0410 -0.0005  0.0587  0.0512  0.0307  0.0220  0.0165  0.0128  0.0652  0.1395  0.3714  0.6299  1.0000
    62   biomsd    4.6336e+00 4.3423e-01   0.1374 -0.0271 -0.0111 -0.0028  0.0043  0.0164  0.0276  0.0418  0.0665 -0.0329 -0.0144 -0.0261 -0.0222 -0.0397 -0.0011  0.0552  0.0460  0.0234  0.0120  0.0025 -0.0105  0.0196  0.0558  0.2033  0.3245  0.5051  1.0000  0.3920  0.1632  0.0527  0.0050 -0.0224 -0.0067 -0.0533  0.0012  0.0744 -0.0271 -0.0111 -0.0028  0.0043  0.0164  0.0276  0.0418  0.0665 -0.0329 -0.0144 -0.0261 -0.0222 -0.0397 -0.0011  0.0552  0.0460  0.0234  0.0120  0.0025 -0.0105  0.0196  0.0558  0.2033  0.3245  0.5051  1.0000
    63   biomsd    4.2687e+00 4.7776e-01  -0.0763  0.0151  0.0062  0.0016 -0.0024 -0.0091 -0.0153 -0.0232 -0.0369  0.0183  0.0080  0.0146  0.0125  0.0223  0.0012 -0.0293 -0.0222 -0.0067  0.0027  0.0124  0.0293  0.0334  0.0494  0.0449  0.1085  0.1882  0.3920  1.0000  0.4542  0.2196  0.1127  0.0657  0.0295  0.0405  0.0045 -0.0394  0.0151  0.0062  0.0016 -0.0024 -0.0091 -0.0153 -0.0232 -0.0369  0.0183  0.0080  0.0146  0.0125  0.0223  0.0012 -0.0293 -0.0222 -0.0067  0.0027  0.0124  0.0293  0.0334  0.0494  0.0449  0.1085  0.1882  0.3920  1.0000
    64   biomsd    4.0587e+00 4.9969e-01  -0.1232  0.0243  0.0100  0.0025 -0.0038 -0.0147 -0.0248 -0.0375 -0.0596  0.0295  0.0130  0.0235  0.0201  0.0359  0.0017 -0.0480 -0.0376 -0.0140 -0.0003  0.0132  0.0357  0.0320  0.0398 -0.0057  0.0320  0.0715  0.1632  0.4542  1.0000  0.4763  0.2385  0.1321  0.0603  0.0706  0.0098 -0.0627  0.0243  0.0100  0.0025 -0.0038 -0.0147 -0.0248 -0.0375 -0.0596  0.0295  0.0130  0.0235  0.0201  0.0359  0.0017 -0.0480 -0.0376 -0.0140 -0.0003  0.0132  0.0357  0.0320  0.0398 -0.0057  0.0320  0.0715  0.1632  0.4542  1.0000
    65   biomsd    3.8707e+00 5.1204e-01  -0.2153  0.0425  0.0174  0.0044 -0.0067 -0.0257 -0.0433 -0.0655 -0.1042  0.0516  0.0227  0.0411  0.0351  0.0627  0.0028 -0.0842 -0.0665 -0.0260 -0.0029  0.0197  0.0566  0.0450  0.0499 -0.0487 -0.0149  0.0099  0.0527  0.2196  0.4763  1.0000  0.4946  0.2667  0.1227  0.1308  0.0206 -0.1083  0.0425  0.0174  0.0044 -0.0067 -0.0257 -0.0433 -0.0655 -0.1042  0.0516  0.0227  0.0411  0.0351  0.0627  0.0028 -0.0842 -0.0665 -0.0260 -0.0029  0.0197  0.0566  0.0450  0.0499 -0.0487 -0.0149  0.0099  0.0527  0.2196  0.4763  1.0000
    66   biomsd    3.8461e+00 5.1610e-01  -0.2412  0.0476  0.0195  0.0050 -0.0075 -0.0287 -0.0485 -0.0733 -0.1167  0.0577  0.0254  0.0460  0.0393  0.0702  0.0031 -0.0943 -0.0746 -0.0294 -0.0037  0.0213  0.0620  0.0479  0.0513 -0.0636 -0.0331 -0.0156  0.0050  0.1127  0.2385  0.4946  1.0000  0.5042  0.2370  0.1885  0.0430 -0.1138  0.0476  0.0195  0.0050 -0.0075 -0.0287 -0.0485 -0.0733 -0.1167  0.0577  0.0254  0.0460  0.0393  0.0702  0.0031 -0.0943 -0.0746 -0.0294 -0.0037  0.0213  0.0620  0.0479  0.0513 -0.0636 -0.0331 -0.0156  0.0050  0.1127  0.2385  0.4946  1.0000
    67   biomsd    3.9207e+00 5.2340e-01  -0.2914  0.0575  0.0236  0.0060 -0.0091 -0.0347 -0.0586 -0.0886 -0.1411  0.0698  0.0307  0.0556  0.0474  0.0849  0.0037 -0.1141 -0.0903 -0.0358 -0.0048  0.0253  0.0742  0.0565  0.0596 -0.0816 -0.0487 -0.0329 -0.0224  0.0657  0.1321  0.2667  0.5042  1.0000  0.4757  0.3077  0.0899 -0.1235  0.0575  0.0236  0.0060 -0.0091 -0.0347 -0.0586 -0.0886 -0.1411  0.0698  0.0307  0.0556  0.0474  0.0849  0.0037 -0.1141 -0.0903 -0.0358 -0.0048  0.0253  0.0742  0.0565  0.0596 -0.0816 -0.0487 -0.0329 -0.0224  0.0657  0.1321  0.2667  0.5042  1.0000
    68   biomsd    4.3460e+00 5.0213e-01  -0.1108  0.0219  0.0090  0.0023 -0.0035 -0.0132 -0.0223 -0.0337 -0.0537  0.0265  0.0117  0.0211  0.0180  0.0323  0.0014 -0.0434 -0.0343 -0.0136 -0.0018  0.0096  0.0283  0.0216  0.0228 -0.0307 -0.0180 -0.0116 -0.0067  0.0295  0.0603  0.1227  0.2370  0.4757  1.0000  0.4626  0.1984  0.0139  0.0219  0.0090  0.0023 -0.0035 -0.0132 -0.0223 -0.0337 -0.0537  0.0265  0.0117  0.0211  0.0180  0.0323  0.0014 -0.0434 -0.0343 -0.0136 -0.0018  0.0096  0.0283  0.0216  0.0228 -0.0307 -0.0180 -0.0116 -0.0067  0.0295  0.0603  0.1227  0.2370  0.4757  1.0000
    69   biomsd    4.3984e+00 5.3962e-01  -0.4138  0.0816  0.0335  0.0085 -0.0129 -0.0493 -0.0832 -0.1258 -0.2003  0.0991  0.0436  0.0789  0.0674  0.1205  0.0052 -0.1620 -0.1283 -0.0509 -0.0070  0.0356  0.1049  0.0792  0.0828 -0.1194 -0.0757 -0.0573 -0.0533  0.0405  0.0706  0.1308  0.1885  0.3077  0.4626  1.0000  0.3952 -0.0761  0.0816  0.0335  0.0085 -0.0129 -0.0493 -0.0832 -0.1258 -0.2003  0.0991  0.0436  0.0789  0.0674  0.1205  0.0052 -0.1620 -0.1283 -0.0509 -0.0070  0.0356  0.1049  0.0792  0.0828 -0.1194 -0.0757 -0.0573 -0.0533  0.0405  0.0706  0.1308  0.1885  0.3077  0.4626  1.0000
    70   biomsd    5.2979e+00 4.5408e-01  -0.0035  0.0007  0.0003  0.0001 -0.0001 -0.0004 -0.0007 -0.0011 -0.0017  0.0008  0.0004  0.0007  0.0006  0.0010  0.0000 -0.0014 -0.0011 -0.0004 -0.0000  0.0003  0.0009  0.0007  0.0008 -0.0007 -0.0001  0.0003  0.0012  0.0045  0.0098  0.0206  0.0430  0.0899  0.1984  0.3952  1.0000  0.3691  0.0007  0.0003  0.0001 -0.0001 -0.0004 -0.0007 -0.0011 -0.0017  0.0008  0.0004  0.0007  0.0006  0.0010  0.0000 -0.0014 -0.0011 -0.0004 -0.0000  0.0003  0.0009  0.0007  0.0008 -0.0007 -0.0001  0.0003  0.0012  0.0045  0.0098  0.0206  0.0430  0.0899  0.1984  0.3952  1.0000
    71   biomsd    6.3618e+00 5.9664e-01   0.5369 -0.1059 -0.0435 -0.0110  0.0167  0.0640  0.1079  0.1633  0.2599 -0.1286 -0.0566 -0.1024 -0.0874 -0.1563 -0.0067  0.2102  0.1665  0.0661  0.0092 -0.0461 -0.1360 -0.1025 -0.1070  0.1558  0.0999  0.0770  0.0744 -0.0394 -0.0627 -0.1083 -0.1138 -0.1235  0.0139 -0.0761  0.3691  1.0000 -0.1059 -0.0435 -0.0110  0.0167  0.0640  0.1079  0.1633  0.2599 -0.1286 -0.0566 -0.1024 -0.0874 -0.1563 -0.0067  0.2102  0.1665  0.0661  0.0092 -0.0461 -0.1360 -0.1025 -0.1070  0.1558  0.0999  0.0770  0.0744 -0.0394 -0.0627 -0.1083 -0.1138 -0.1235  0.0139 -0.0761  0.3691  1.0000
    72   biomA     2.6824e+01 1.7029e+01  -0.1973  1.0000  0.5735  0.3342  0.1944  0.1040  0.0492  0.0004 -0.0619  0.0659  0.0298  0.0417  0.0339  0.0582  0.0028 -0.0771 -0.0611 -0.0242 -0.0033  0.0170  0.0500  0.0377  0.0393 -0.0572 -0.0366 -0.0282 -0.0271  0.0151  0.0243  0.0425  0.0476  0.0575  0.0219  0.0816  0.0007 -0.1059  1.0000  0.5735  0.3342  0.1944  0.1040  0.0492  0.0004 -0.0619  0.0659  0.0298  0.0417  0.0339  0.0582  0.0028 -0.0771 -0.0611 -0.0242 -0.0033  0.0170  0.0500  0.0377  0.0393 -0.0572 -0.0366 -0.0282 -0.0271  0.0151  0.0243  0.0425  0.0476  0.0575  0.0219  0.0816  0.0007 -0.1059  1.0000
    73   biomA     3.4436e+01 1.9688e+01  -0.0809  0.5735  1.0000  0.5899  0.3548  0.2176  0.1420  0.0830  0.0206  0.0527  0.0247  0.0228  0.0163  0.0249  0.0016 -0.0314 -0.0250 -0.0099 -0.0013  0.0070  0.0205  0.0155  0.0161 -0.0235 -0.0150 -0.0116 -0.0111  0.0062  0.0100  0.0174  0.0195  0.0236  0.0090  0.0335  0.0003 -0.0435  0.5735  1.0000  0.5899  0.3548  0.2176  0.1420  0.0830  0.0206  0.0527  0.0247  0.0228  0.0163  0.0249  0.0016 -0.0314 -0.0250 -0.0099 -0.0013  0.0070  0.0205  0.0155  0.0161 -0.0235 -0.0150 -0.0116 -0.0111  0.0062  0.0100  0.0174  0.0195  0.0236  0.0090  0.0335  0.0003 -0.0435  0.5735  1.0000
    74   biomA     4.2912e+01 2.8614e+01  -0.0205  0.3342  0.5899  1.0000  0.6065  0.3836  0.2648  0.1765  0.0917  0.0615  0.0296  0.0164  0.0087  0.0082  0.0013 -0.0076 -0.0062 -0.0024 -0.0003  0.0018  0.0052  0.0039  0.0041 -0.0060 -0.0038 -0.0029 -0.0028  0.0016  0.0025  0.0044  0.0050  0.0060  0.0023  0.0085  0.0001 -0.0110  0.3342  0.5899  1.0000  0.6065  0.3836  0.2648  0.1765  0.0917  0.0615  0.0296  0.0164  0.0087  0.0082  0.0013 -0.0076 -0.0062 -0.0024 -0.0003  0.0018  0.0052  0.0039  0.0041 -0.0060 -0.0038 -0.0029 -0.0028  0.0016  0.0025  0.0044  0.0050  0.0060  0.0023  0.0085  0.0001 -0.0110  0.3342  0.5899  1.0000
    75   biomA     5.3476e+01 3.2406e+01   0.0312  0.1944  0.3548  0.6065  1.0000  0.6390  0.4488  0.3102  0.1823  0.0856  0.0419  0.0146  0.0037 -0.0054  0.0013  0.0129  0.0099  0.0040  0.0006 -0.0026 -0.0078 -0.0059 -0.0062  0.0090  0.0058  0.0045  0.0043 -0.0024 -0.0038 -0.0067 -0.0075 -0.0091 -0.0035 -0.0129 -0.0001  0.0167  0.1944  0.3548  0.6065  1.0000  0.6390  0.4488  0.3102  0.1823  0.0856  0.0419  0.0146  0.0037 -0.0054  0.0013  0.0129  0.0099  0.0040  0.0006 -0.0026 -0.0078 -0.0059 -0.0062  0.0090  0.0058  0.0045  0.0043 -0.0024 -0.0038 -0.0067 -0.0075 -0.0091 -0.0035 -0.0129 -0.0001  0.0167  0.1944  0.3548  0.6065  1.0000
    76   biomA     6.9642e+01 5.2654e+01   0.1192  0.1040  0.2176  0.3836  0.6390  1.0000  0.7107  0.5030  0.3171  0.1158  0.0575  0.0092 -0.0057 -0.0291  0.0011  0.0477  0.0374  0.0149  0.0022 -0.0101 -0.0301 -0.0227 -0.0237  0.0346  0.0221  0.0170  0.0164 -0.0091 -0.0147 -0.0257 -0.0287 -0.0347 -0.0132 -0.0493 -0.0004  0.0640  0.1040  0.2176  0.3836  0.6390  1.0000  0.7107  0.5030  0.3171  0.1158  0.0575  0.0092 -0.0057 -0.0291  0.0011  0.0477  0.0374  0.0149  0.0022 -0.0101 -0.0301 -0.0227 -0.0237  0.0346  0.0221  0.0170  0.0164 -0.0091 -0.0147 -0.0257 -0.0287 -0.0347 -0.0132 -0.0493 -0.0004  0.0640  0.1040  0.2176  0.3836  0.6390  1.0000
    77   biomA     9.0695e+01 7.2796e+01   0.2010  0.0492  0.1420  0.2648  0.4488  0.7107  1.0000  0.7134  0.4598  0.1536  0.0768  0.0063 -0.0136 -0.0507  0.0012  0.0801  0.0629  0.0251  0.0037 -0.0171 -0.0508 -0.0384 -0.0400  0.0583  0.0373  0.0287  0.0276 -0.0153 -0.0248 -0.0433 -0.0485 -0.0586 -0.0223 -0.0832 -0.0007  0.1079  0.0492  0.1420  0.2648  0.4488  0.7107  1.0000  0.7134  0.4598  0.1536  0.0768  0.0063 -0.0136 -0.0507  0.0012  0.0801  0.0629  0.0251  0.0037 -0.0171 -0.0508 -0.0384 -0.0400  0.0583  0.0373  0.0287  0.0276 -0.0153 -0.0248 -0.0433 -0.0485 -0.0586 -0.0223 -0.0832 -0.0007  0.1079  0.0492  0.1420  0.2648  0.4488  0.7107  1.0000
    78   biomA     1.1811e+02 9.0344e+01   0.3041  0.0004  0.0830  0.1765  0.3102  0.5030  0.7134  1.0000  0.6516  0.2079  0.1042  0.0041 -0.0229 -0.0776  0.0013  0.1210  0.0951  0.0379  0.0055 -0.0259 -0.0769 -0.0580 -0.0606  0.0882  0.0565  0.0435  0.0418 -0.0232 -0.0375 -0.0655 -0.0733 -0.0886 -0.0337 -0.1258 -0.0011  0.1633  0.0004  0.0830  0.1765  0.3102  0.5030  0.7134  1.0000  0.6516  0.2079  0.1042  0.0041 -0.0229 -0.0776  0.0013  0.1210  0.0951  0.0379  0.0055 -0.0259 -0.0769 -0.0580 -0.0606  0.0882  0.0565  0.0435  0.0418 -0.0232 -0.0375 -0.0655 -0.0733 -0.0886 -0.0337 -0.1258 -0.0011  0.1633  0.0004  0.0830  0.1765  0.3102  0.5030  0.7134  1.0000
    79   biomA     1.5382e+02 9.6563e+01   0.4841 -0.0619  0.0206  0.0917  0.1823  0.3171  0.4598  0.6516  1.0000  0.3102  0.1559  0.0019 -0.0385 -0.1244  0.0017  0.1925  0.1514  0.0603  0.0088 -0.0413 -0.1224 -0.0924 -0.0965  0.1405  0.0899  0.0692  0.0665 -0.0369 -0.0596 -0.1042 -0.1167 -0.1411 -0.0537 -0.2003 -0.0017  0.2599 -0.0619  0.0206  0.0917  0.1823  0.3171  0.4598  0.6516  1.0000  0.3102  0.1559  0.0019 -0.0385 -0.1244  0.0017  0.1925  0.1514  0.0603  0.0088 -0.0413 -0.1224 -0.0924 -0.0965  0.1405  0.0899  0.0692  0.0665 -0.0369 -0.0596 -0.1042 -0.1167 -0.1411 -0.0537 -0.2003 -0.0017  0.2599 -0.0619  0.0206  0.0917  0.1823  0.3171  0.4598  0.6516  1.0000
    80   biomA     6.4503e+01 3.3984e+01  -0.2394  0.0659  0.0527  0.0615  0.0856  0.1158  0.1536  0.2079  0.3102  1.0000  0.4829  0.2540  0.1282  0.1064  0.0203 -0.0871 -0.0713 -0.0278 -0.0029  0.0213  0.0611  0.0460  0.0479 -0.0694 -0.0444 -0.0342 -0.0329  0.0183  0.0295  0.0516  0.0577  0.0698  0.0265  0.0991  0.0008 -0.1286  0.0659  0.0527  0.0615  0.0856  0.1158  0.1536  0.2079  0.3102  1.0000  0.4829  0.2540  0.1282  0.1064  0.0203 -0.0871 -0.0713 -0.0278 -0.0029  0.0213  0.0611  0.0460  0.0479 -0.0694 -0.0444 -0.0342 -0.0329  0.0183  0.0295  0.0516  0.0577  0.0698  0.0265  0.0991  0.0008 -0.1286  0.0659  0.0527  0.0615  0.0856  0.1158  0.1536  0.2079  0.3102  1.0000
    81   biomA     6.8953e+01 3.4742e+01  -0.1053  0.0298  0.0247  0.0296  0.0419  0.0575  0.0768  0.1042  0.1559  0.4829  1.0000  0.4702  0.2099  0.1100  0.0386 -0.0268 -0.0264 -0.0094  0.0007  0.0107  0.0276  0.0206  0.0213 -0.0304 -0.0195 -0.0150 -0.0144  0.0080  0.0130  0.0227  0.0254  0.0307  0.0117  0.0436  0.0004 -0.0566  0.0298  0.0247  0.0296  0.0419  0.0575  0.0768  0.1042  0.1559  0.4829  1.0000  0.4702  0.2099  0.1100  0.0386 -0.0268 -0.0264 -0.0094  0.0007  0.0107  0.0276  0.0206  0.0213 -0.0304 -0.0195 -0.0150 -0.0144  0.0080  0.0130  0.0227  0.0254  0.0307  0.0117  0.0436  0.0004 -0.0566  0.0298  0.0247  0.0296  0.0419  0.0575  0.0768  0.1042  0.1559  0.4829  1.0000
    82   biomA     6.4455e+01 3.2175e+01  -0.1907  0.0417  0.0228  0.0164  0.0146  0.0092  0.0063  0.0041  0.0019  0.2540  0.4702  1.0000  0.4438  0.2253  0.0823 -0.0438 -0.0457 -0.0157  0.0020  0.0199  0.0502  0.0375  0.0386 -0.0550 -0.0352 -0.0271 -0.0261  0.0146  0.0235  0.0411  0.0460  0.0556  0.0211  0.0789  0.0007 -0.1024  0.0417  0.0228  0.0164  0.0146  0.0092  0.0063  0.0041  0.0019  0.2540  0.4702  1.0000  0.4438  0.2253  0.0823 -0.0438 -0.0457 -0.0157  0.0020  0.0199  0.0502  0.0375  0.0386 -0.0550 -0.0352 -0.0271 -0.0261  0.0146  0.0235  0.0411  0.0460  0.0556  0.0211  0.0789  0.0007 -0.1024  0.0417  0.0228  0.0164  0.0146  0.0092  0.0063  0.0041  0.0019  0.2540  0.4702  1.0000
    83   biomA     7.3306e+01 3.3099e+01  -0.1628  0.0339  0.0163  0.0087  0.0037 -0.0057 -0.0136 -0.0229 -0.0385  0.1282  0.2099  0.4438  1.0000  0.4479  0.1905  0.0090 -0.0189 -0.0018  0.0096  0.0223  0.0459  0.0336  0.0338 -0.0465 -0.0298 -0.0230 -0.0222  0.0125  0.0201  0.0351  0.0393  0.0474  0.0180  0.0674  0.0006 -0.0874  0.0339  0.0163  0.0087  0.0037 -0.0057 -0.0136 -0.0229 -0.0385  0.1282  0.2099  0.4438  1.0000  0.4479  0.1905  0.0090 -0.0189 -0.0018  0.0096  0.0223  0.0459  0.0336  0.0338 -0.0465 -0.0298 -0.0230 -0.0222  0.0125  0.0201  0.0351  0.0393  0.0474  0.0180  0.0674  0.0006 -0.0874  0.0339  0.0163  0.0087  0.0037 -0.0057 -0.0136 -0.0229 -0.0385  0.1282  0.2099  0.4438  1.0000
    84   biomA     8.0752e+01 4.1110e+01  -0.2911  0.0582  0.0249  0.0082 -0.0054 -0.0291 -0.0507 -0.0776 -0.1244  0.1064  0.1100  0.2253  0.4479  1.0000  0.4343  0.0522 -0.0182  0.0059  0.0234  0.0441  0.0843  0.0614  0.0612 -0.0829 -0.0532 -0.0410 -0.0397  0.0223  0.0359  0.0627  0.0702  0.0849  0.0323  0.1205  0.0010 -0.1563  0.0582  0.0249  0.0082 -0.0054 -0.0291 -0.0507 -0.0776 -0.1244  0.1064  0.1100  0.2253  0.4479  1.0000  0.4343  0.0522 -0.0182  0.0059  0.0234  0.0441  0.0843  0.0614  0.0612 -0.0829 -0.0532 -0.0410 -0.0397  0.0223  0.0359  0.0627  0.0702  0.0849  0.0323  0.1205  0.0010 -0.1563  0.0582  0.0249  0.0082 -0.0054 -0.0291 -0.0507 -0.0776 -0.1244  0.1064  0.1100  0.2253  0.4479  1.0000
    85   biomA     1.4595e+02 7.0936e+01  -0.0125  0.0028  0.0016  0.0013  0.0013  0.0011  0.0012  0.0013  0.0017  0.0203  0.0386  0.0823  0.1905  0.4343  1.0000  0.3809  0.1634  0.0953  0.0655  0.0454  0.0278  0.0158  0.0099 -0.0001 -0.0003 -0.0005 -0.0011  0.0012  0.0017  0.0028  0.0031  0.0037  0.0014  0.0052  0.0000 -0.0067  0.0028  0.0016  0.0013  0.0013  0.0011  0.0012  0.0013  0.0017  0.0203  0.0386  0.0823  0.1905  0.4343  1.0000  0.3809  0.1634  0.0953  0.0655  0.0454  0.0278  0.0158  0.0099 -0.0001 -0.0003 -0.0005 -0.0011  0.0012  0.0017  0.0028  0.0031  0.0037  0.0014  0.0052  0.0000 -0.0067  0.0028  0.0016  0.0013  0.0013  0.0011  0.0012  0.0013  0.0017  0.0203  0.0386  0.0823  0.1905  0.4343  1.0000
    86   biomA     2.8797e+02 1.3737e+02   0.3915 -0.0771 -0.0314 -0.0076  0.0129  0.0477  0.0801  0.1210  0.1925 -0.0871 -0.0268 -0.0438  0.0090  0.0522  0.3809  1.0000  0.4884  0.2607  0.1510  0.0637 -0.0451 -0.0454 -0.0619  0.1214  0.0772  0.0587  0.0552 -0.0293 -0.0480 -0.0842 -0.0943 -0.1141 -0.0434 -0.1620 -0.0014  0.2102 -0.0771 -0.0314 -0.0076  0.0129  0.0477  0.0801  0.1210  0.1925 -0.0871 -0.0268 -0.0438  0.0090  0.0522  0.3809  1.0000  0.4884  0.2607  0.1510  0.0637 -0.0451 -0.0454 -0.0619  0.1214  0.0772  0.0587  0.0552 -0.0293 -0.0480 -0.0842 -0.0943 -0.1141 -0.0434 -0.1620 -0.0014  0.2102 -0.0771 -0.0314 -0.0076  0.0129  0.0477  0.0801  0.1210  0.1925 -0.0871 -0.0268 -0.0438  0.0090  0.0522  0.3809  1.0000
    87   biomA     2.8499e+02 1.4579e+02   0.3100 -0.0611 -0.0250 -0.0062  0.0099  0.0374  0.0629  0.0951  0.1514 -0.0713 -0.0264 -0.0457 -0.0189 -0.0182  0.1634  0.4884  1.0000  0.5615  0.3606  0.2130  0.0545  0.0132 -0.0220  0.1092  0.0687  0.0512  0.0460 -0.0222 -0.0376 -0.0665 -0.0746 -0.0903 -0.0343 -0.1283 -0.0011  0.1665 -0.0611 -0.0250 -0.0062  0.0099  0.0374  0.0629  0.0951  0.1514 -0.0713 -0.0264 -0.0457 -0.0189 -0.0182  0.1634  0.4884  1.0000  0.5615  0.3606  0.2130  0.0545  0.0132 -0.0220  0.1092  0.0687  0.0512  0.0460 -0.0222 -0.0376 -0.0665 -0.0746 -0.0903 -0.0343 -0.1283 -0.0011  0.1665 -0.0611 -0.0250 -0.0062  0.0099  0.0374  0.0629  0.0951  0.1514 -0.0713 -0.0264 -0.0457 -0.0189 -0.0182  0.1634  0.4884  1.0000
    88   biomA     2.0629e+02 1.4359e+02   0.1231 -0.0242 -0.0099 -0.0024  0.0040  0.0149  0.0251  0.0379  0.0603 -0.0278 -0.0094 -0.0157 -0.0018  0.0059  0.0953  0.2607  0.5615  1.0000  0.6707  0.4403  0.2191  0.1128  0.0503  0.0721  0.0438  0.0307  0.0234 -0.0067 -0.0140 -0.0260 -0.0294 -0.0358 -0.0136 -0.0509 -0.0004  0.0661 -0.0242 -0.0099 -0.0024  0.0040  0.0149  0.0251  0.0379  0.0603 -0.0278 -0.0094 -0.0157 -0.0018  0.0059  0.0953  0.2607  0.5615  1.0000  0.6707  0.4403  0.2191  0.1128  0.0503  0.0721  0.0438  0.0307  0.0234 -0.0067 -0.0140 -0.0260 -0.0294 -0.0358 -0.0136 -0.0509 -0.0004  0.0661 -0.0242 -0.0099 -0.0024  0.0040  0.0149  0.0251  0.0379  0.0603 -0.0278 -0.0094 -0.0157 -0.0018  0.0059  0.0953  0.2607  0.5615  1.0000
    89   biomA     1.4932e+02 1.1187e+02   0.0170 -0.0033 -0.0013 -0.0003  0.0006  0.0022  0.0037  0.0055  0.0088 -0.0029  0.0007  0.0020  0.0096  0.0234  0.0655  0.1510  0.3606  0.6707  1.0000  0.6728  0.3700  0.2006  0.1086  0.0593  0.0345  0.0220  0.0120  0.0027 -0.0003 -0.0029 -0.0037 -0.0048 -0.0018 -0.0070 -0.0000  0.0092 -0.0033 -0.0013 -0.0003  0.0006  0.0022  0.0037  0.0055  0.0088 -0.0029  0.0007  0.0020  0.0096  0.0234  0.0655  0.1510  0.3606  0.6707  1.0000  0.6728  0.3700  0.2006  0.1086  0.0593  0.0345  0.0220  0.0120  0.0027 -0.0003 -0.0029 -0.0037 -0.0048 -0.0018 -0.0070 -0.0000  0.0092 -0.0033 -0.0013 -0.0003  0.0006  0.0022  0.0037  0.0055  0.0088 -0.0029  0.0007  0.0020  0.0096  0.0234  0.0655  0.1510  0.3606  0.6707  1.0000
    90   biomA     1.0808e+02 7.5833e+01  -0.0859  0.0170  0.0070  0.0018 -0.0026 -0.0101 -0.0171 -0.0259 -0.0413  0.0213  0.0107  0.0199  0.0223  0.0441  0.0454  0.0637  0.2130  0.4403  0.6728  1.0000  0.5728  0.3166  0.1820  0.0551  0.0302  0.0165  0.0025  0.0124  0.0132  0.0197  0.0213  0.0253  0.0096  0.0356  0.0003 -0.0461  0.0170  0.0070  0.0018 -0.0026 -0.0101 -0.0171 -0.0259 -0.0413  0.0213  0.0107  0.0199  0.0223  0.0441  0.0454  0.0637  0.2130  0.4403  0.6728  1.0000  0.5728  0.3166  0.1820  0.0551  0.0302  0.0165  0.0025  0.0124  0.0132  0.0197  0.0213  0.0253  0.0096  0.0356  0.0003 -0.0461  0.0170  0.0070  0.0018 -0.0026 -0.0101 -0.0171 -0.0259 -0.0413  0.0213  0.0107  0.0199  0.0223  0.0441  0.0454  0.0637  0.2130  0.4403  0.6728  1.0000
    91   biomA     7.8236e+01 4.1195e+01  -0.2532  0.0500  0.0205  0.0052 -0.0078 -0.0301 -0.0508 -0.0769 -0.1224  0.0611  0.0276  0.0502  0.0459  0.0843  0.0278 -0.0451  0.0545  0.2191  0.3700  0.5728  1.0000  0.5582  0.3304  0.0624  0.0313  0.0128 -0.0105  0.0293  0.0357  0.0566  0.0620  0.0742  0.0283  0.1049  0.0009 -0.1360  0.0500  0.0205  0.0052 -0.0078 -0.0301 -0.0508 -0.0769 -0.1224  0.0611  0.0276  0.0502  0.0459  0.0843  0.0278 -0.0451  0.0545  0.2191  0.3700  0.5728  1.0000  0.5582  0.3304  0.0624  0.0313  0.0128 -0.0105  0.0293  0.0357  0.0566  0.0620  0.0742  0.0283  0.1049  0.0009 -0.1360  0.0500  0.0205  0.0052 -0.0078 -0.0301 -0.0508 -0.0769 -0.1224  0.0611  0.0276  0.0502  0.0459  0.0843  0.0278 -0.0451  0.0545  0.2191  0.3700  0.5728  1.0000
    92   biomA     8.1587e+01 5.1603e+01  -0.1910  0.0377  0.0155  0.0039 -0.0059 -0.0227 -0.0384 -0.0580 -0.0924  0.0460  0.0206  0.0375  0.0336  0.0614  0.0158 -0.0454  0.0132  0.1128  0.2006  0.3166  0.5582  1.0000  0.5671  0.2014  0.1126  0.0652  0.0196  0.0334  0.0320  0.0450  0.0479  0.0565  0.0216  0.0792  0.0007 -0.1025  0.0377  0.0155  0.0039 -0.0059 -0.0227 -0.0384 -0.0580 -0.0924  0.0460  0.0206  0.0375  0.0336  0.0614  0.0158 -0.0454  0.0132  0.1128  0.2006  0.3166  0.5582  1.0000  0.5671  0.2014  0.1126  0.0652  0.0196  0.0334  0.0320  0.0450  0.0479  0.0565  0.0216  0.0792  0.0007 -0.1025  0.0377  0.0155  0.0039 -0.0059 -0.0227 -0.0384 -0.0580 -0.0924  0.0460  0.0206  0.0375  0.0336  0.0614  0.0158 -0.0454  0.0132  0.1128  0.2006  0.3166  0.5582  1.0000
    93   biomA     8.5082e+01 4.6237e+01  -0.1994  0.0393  0.0161  0.0041 -0.0062 -0.0237 -0.0400 -0.0606 -0.0965  0.0479  0.0213  0.0386  0.0338  0.0612  0.0099 -0.0619 -0.0220  0.0503  0.1086  0.1820  0.3304  0.5671  1.0000  0.4084  0.2317  0.1395  0.0558  0.0494  0.0398  0.0499  0.0513  0.0596  0.0228  0.0828  0.0008 -0.1070  0.0393  0.0161  0.0041 -0.0062 -0.0237 -0.0400 -0.0606 -0.0965  0.0479  0.0213  0.0386  0.0338  0.0612  0.0099 -0.0619 -0.0220  0.0503  0.1086  0.1820  0.3304  0.5671  1.0000  0.4084  0.2317  0.1395  0.0558  0.0494  0.0398  0.0499  0.0513  0.0596  0.0228  0.0828  0.0008 -0.1070  0.0393  0.0161  0.0041 -0.0062 -0.0237 -0.0400 -0.0606 -0.0965  0.0479  0.0213  0.0386  0.0338  0.0612  0.0099 -0.0619 -0.0220  0.0503  0.1086  0.1820  0.3304  0.5671  1.0000
