 The logarithm of the determinant of the hessian = 2.40019
 index   name       value      std.dev       1       2       3       4       5       6       7       8       9      10      11      12      13      14      15      16      17      18      19      20      21      22      23      24      25      26      27      28      29      30      31      32      33      34      35      36      37      38      39      40      41      42      43      44      45      46      47      48      49      50      51      52      53      54      55      56      57      58      59      60      61      62      63      64      65      66      67      68      69      70      71      72      73      74      75      76      77      78      79   
     1   logSdLam -2.1626e-01 3.0117e-01   1.0000
     2   biom      3.2057e+00 1.3199e+00  -0.0824  1.0000
     3   biom      3.2057e+00 1.0457e+00  -0.1041  0.7923  1.0000
     4   biom      3.2057e+00 6.6697e-01  -0.1630  0.5053  0.6378  1.0000
     5   biom      3.5139e+00 6.0622e-01  -0.0408  0.2403  0.3033  0.4755  1.0000
     6   biom      3.7525e+00 7.6033e-01  -0.0079  0.1237  0.1561  0.2447  0.5187  1.0000
     7   biom      3.9910e+00 6.5289e-01   0.0196  0.0649  0.0820  0.1285  0.2797  0.5408  1.0000
     8   biom      4.3089e+00 8.8195e-01   0.1036  0.0301  0.0379  0.0595  0.1584  0.3129  0.5817  1.0000
     9   biom      4.6267e+00 9.4902e-01   0.1789  0.0112  0.0141  0.0222  0.1020  0.2095  0.3932  0.6836  1.0000
    10   biom      4.9445e+00 8.9140e-01   0.2784 -0.0059 -0.0075 -0.0116  0.0605  0.1364  0.2616  0.4661  0.6862  1.0000
    11   biom      5.2623e+00 6.7814e-01   0.4818 -0.0312 -0.0394 -0.0617  0.0163  0.0656  0.1376  0.2687  0.4047  0.5957  1.0000
    12   biom      4.0582e+00 5.8400e-01  -0.3046  0.0290  0.0366  0.0574  0.0289  0.0341  0.0525  0.0683  0.0908  0.1258  0.2036  1.0000
    13   biom      4.2002e+00 5.5023e-01  -0.0701  0.0074  0.0093  0.0146  0.0097  0.0137  0.0229  0.0342  0.0478  0.0680  0.1118  0.3982  1.0000
    14   biom      4.1034e+00 5.4495e-01  -0.1451  0.0126  0.0159  0.0249  0.0085  0.0062  0.0065  0.0009 -0.0028 -0.0068 -0.0140  0.1891  0.3928  1.0000
    15   biom      4.2516e+00 4.8078e-01  -0.0961  0.0081  0.0103  0.0161  0.0048  0.0025  0.0014 -0.0044 -0.0090 -0.0149 -0.0267  0.0802  0.1412  0.3579  1.0000
    16   biom      4.2807e+00 5.6058e-01  -0.2848  0.0236  0.0298  0.0466  0.0119  0.0028 -0.0045 -0.0276 -0.0482 -0.0753 -0.1306  0.1038  0.0651  0.1567  0.3598  1.0000
    17   biom      4.9721e+00 5.3682e-01  -0.0442  0.0037  0.0046  0.0073  0.0019  0.0006 -0.0004 -0.0038 -0.0068 -0.0107 -0.0187  0.0202  0.0210  0.0521  0.1359  0.3766  1.0000
    18   biom      5.7890e+00 4.9773e-01   0.3328 -0.0274 -0.0347 -0.0542 -0.0136 -0.0026  0.0067  0.0347  0.0599  0.0932  0.1612 -0.0992 -0.0175 -0.0335  0.0106  0.0229  0.3080  1.0000
    19   biom      5.7540e+00 5.3751e-01   0.2329 -0.0192 -0.0243 -0.0380 -0.0095 -0.0018  0.0046  0.0242  0.0418  0.0650  0.1125 -0.0702 -0.0143 -0.0287 -0.0077 -0.0256  0.1014  0.3853  1.0000
    20   biom      5.3826e+00 8.2082e-01   0.0779 -0.0064 -0.0081 -0.0127 -0.0032 -0.0006  0.0016  0.0081  0.0140  0.0218  0.0377 -0.0233 -0.0044 -0.0087  0.0000 -0.0014  0.0534  0.1827  0.4998  1.0000
    21   biom      5.0112e+00 8.9704e-01   0.0029 -0.0002 -0.0003 -0.0005 -0.0001 -0.0000  0.0001  0.0003  0.0006  0.0009  0.0015 -0.0006  0.0005  0.0013  0.0046  0.0127  0.0370  0.1034  0.3154  0.6497  1.0000
    22   biom      4.6399e+00 8.2566e-01  -0.0709  0.0058  0.0074  0.0116  0.0029  0.0006 -0.0014 -0.0073 -0.0127 -0.0197 -0.0341  0.0218  0.0054  0.0114  0.0100  0.0290  0.0273  0.0431  0.1885  0.4176  0.6513  1.0000
    23   biom      4.2685e+00 5.5210e-01  -0.2167  0.0179  0.0226  0.0353  0.0089  0.0017 -0.0043 -0.0224 -0.0388 -0.0603 -0.1044  0.0661  0.0154  0.0320  0.0224  0.0661  0.0216 -0.0390  0.0514  0.1934  0.3232  0.5099  1.0000
    24   biom      4.3131e+00 7.2966e-01  -0.1720  0.0142  0.0179  0.0280  0.0070  0.0014 -0.0034 -0.0178 -0.0308 -0.0479 -0.0828  0.0524  0.0121  0.0252  0.0173  0.0510  0.0133 -0.0416  0.0080  0.0857  0.1521  0.2453  0.4864  1.0000
    25   biom      4.3577e+00 5.9451e-01  -0.2209  0.0182  0.0230  0.0360  0.0090  0.0017 -0.0043 -0.0229 -0.0395 -0.0615 -0.1064  0.0673  0.0155  0.0322  0.0216  0.0639  0.0125 -0.0660 -0.0282  0.0308  0.0732  0.1285  0.2653  0.5077  1.0000
    26   biom      5.1188e+00 5.8559e-01   0.2926 -0.0241 -0.0305 -0.0477 -0.0120 -0.0023  0.0057  0.0303  0.0524  0.0815  0.1410 -0.0891 -0.0205 -0.0424 -0.0280 -0.0829 -0.0118  0.1005  0.0776  0.0423  0.0309  0.0251  0.0250  0.1406  0.3220  1.0000
    27   biom      4.9706e+00 7.9153e-01   0.1668 -0.0137 -0.0174 -0.0272 -0.0068 -0.0013  0.0033  0.0173  0.0298  0.0464  0.0803 -0.0508 -0.0117 -0.0242 -0.0160 -0.0473 -0.0068  0.0571  0.0437  0.0231  0.0161  0.0120  0.0097  0.0704  0.1638  0.5232  1.0000
    28   biom      4.8225e+00 7.6268e-01   0.1213 -0.0100 -0.0126 -0.0198 -0.0050 -0.0010  0.0024  0.0126  0.0217  0.0338  0.0584 -0.0369 -0.0085 -0.0176 -0.0116 -0.0344 -0.0050  0.0413  0.0312  0.0155  0.0096  0.0056  0.0010  0.0382  0.0927  0.3182  0.5995  1.0000
    29   biom      4.6743e+00 4.5657e-01   0.1163 -0.0096 -0.0121 -0.0190 -0.0048 -0.0009  0.0023  0.0120  0.0208  0.0324  0.0560 -0.0354 -0.0081 -0.0169 -0.0112 -0.0331 -0.0050  0.0391  0.0284  0.0117  0.0043 -0.0021 -0.0134  0.0054  0.0258  0.1559  0.2692  0.4390  1.0000
    30   biom      4.2424e+00 5.2332e-01  -0.0721  0.0059  0.0075  0.0117  0.0029  0.0006 -0.0014 -0.0075 -0.0129 -0.0201 -0.0347  0.0220  0.0050  0.0105  0.0069  0.0205  0.0032 -0.0239 -0.0164 -0.0048  0.0011  0.0071  0.0195  0.0207  0.0328  0.0188  0.0698  0.1304  0.3147  1.0000
    31   biom      4.0223e+00 5.4676e-01  -0.0748  0.0062  0.0078  0.0122  0.0031  0.0006 -0.0015 -0.0077 -0.0134 -0.0208 -0.0360  0.0228  0.0052  0.0109  0.0072  0.0213  0.0033 -0.0248 -0.0173 -0.0055  0.0003  0.0061  0.0177  0.0160  0.0229 -0.0069  0.0183  0.0433  0.1129  0.3799  1.0000
    32   biom      3.8023e+00 5.5487e-01  -0.1483  0.0122  0.0154  0.0242  0.0061  0.0012 -0.0029 -0.0154 -0.0265 -0.0413 -0.0715  0.0452  0.0104  0.0215  0.0143  0.0422  0.0066 -0.0493 -0.0345 -0.0114 -0.0002  0.0108  0.0327  0.0267  0.0352 -0.0376 -0.0128  0.0023  0.0299  0.1558  0.3965  1.0000
    33   biom      3.7708e+00 5.5612e-01  -0.1566  0.0129  0.0163  0.0255  0.0064  0.0012 -0.0031 -0.0162 -0.0280 -0.0436 -0.0755  0.0477  0.0110  0.0227  0.0151  0.0446  0.0069 -0.0521 -0.0364 -0.0121 -0.0004  0.0112  0.0342  0.0274  0.0356 -0.0435 -0.0214 -0.0110  0.0003  0.0682  0.1630  0.4070  1.0000
    34   biom      3.8223e+00 5.6283e-01  -0.2193  0.0181  0.0228  0.0358  0.0090  0.0017 -0.0043 -0.0227 -0.0392 -0.0611 -0.1057  0.0668  0.0154  0.0318  0.0211  0.0625  0.0097 -0.0730 -0.0511 -0.0171 -0.0006  0.0156  0.0476  0.0379  0.0488 -0.0633 -0.0348 -0.0235 -0.0183  0.0379  0.0751  0.1816  0.4132  1.0000
    35   biom      4.3243e+00 5.4792e-01  -0.0072  0.0006  0.0007  0.0012  0.0003  0.0001 -0.0001 -0.0007 -0.0013 -0.0020 -0.0035  0.0022  0.0005  0.0010  0.0007  0.0020  0.0003 -0.0024 -0.0017 -0.0006 -0.0000  0.0005  0.0016  0.0013  0.0017 -0.0017 -0.0005  0.0004  0.0021  0.0094  0.0242  0.0610  0.1535  0.3844  1.0000
    36   biom      4.2291e+00 5.9404e-01  -0.4171  0.0344  0.0434  0.0680  0.0170  0.0033 -0.0082 -0.0432 -0.0746 -0.1161 -0.2010  0.1271  0.0292  0.0605  0.0401  0.1188  0.0184 -0.1388 -0.0971 -0.0325 -0.0012  0.0296  0.0904  0.0718  0.0922 -0.1219 -0.0693 -0.0501 -0.0475  0.0332  0.0395  0.0830  0.1190  0.2263  0.3552  1.0000
    37   biom      5.2860e+00 4.8606e-01  -0.0611  0.0050  0.0064  0.0100  0.0025  0.0005 -0.0012 -0.0063 -0.0109 -0.0170 -0.0294  0.0186  0.0043  0.0089  0.0059  0.0174  0.0027 -0.0203 -0.0142 -0.0048 -0.0002  0.0043  0.0132  0.0105  0.0135 -0.0178 -0.0101 -0.0072 -0.0067  0.0056  0.0078  0.0173  0.0304  0.0657  0.1371  0.3461  1.0000
    38   biom      6.5788e+00 6.0197e-01   0.4737 -0.0391 -0.0493 -0.0772 -0.0194 -0.0037  0.0093  0.0491  0.0848  0.1319  0.2283 -0.1443 -0.0332 -0.0687 -0.0455 -0.1349 -0.0209  0.1577  0.1103  0.0369  0.0014 -0.0336 -0.1027 -0.0815 -0.1046  0.1386  0.0790  0.0575  0.0552 -0.0338 -0.0344 -0.0677 -0.0678 -0.0878  0.0386 -0.0991  0.2773  1.0000
    39   biom      6.5788e+00 1.0055e+00   0.2838 -0.0234 -0.0296 -0.0463 -0.0116 -0.0022  0.0056  0.0294  0.0508  0.0790  0.1367 -0.0865 -0.0199 -0.0412 -0.0273 -0.0808 -0.0125  0.0945  0.0661  0.0221  0.0008 -0.0201 -0.0615 -0.0488 -0.0627  0.0831  0.0473  0.0344  0.0331 -0.0202 -0.0206 -0.0406 -0.0406 -0.0526  0.0231 -0.0594  0.1660  0.5988  1.0000
    40   biom      6.5788e+00 1.2883e+00   0.2216 -0.0183 -0.0231 -0.0361 -0.0091 -0.0017  0.0044  0.0230  0.0397  0.0617  0.1068 -0.0675 -0.0155 -0.0322 -0.0213 -0.0631 -0.0098  0.0738  0.0516  0.0173  0.0006 -0.0157 -0.0480 -0.0381 -0.0490  0.0649  0.0370  0.0269  0.0258 -0.0158 -0.0161 -0.0317 -0.0317 -0.0411  0.0180 -0.0464  0.1296  0.4674  0.7805  1.0000
    41   biomsd    3.2057e+00 1.3199e+00  -0.0824  1.0000  0.7923  0.5053  0.2403  0.1237  0.0649  0.0301  0.0112 -0.0059 -0.0312  0.0290  0.0074  0.0126  0.0081  0.0236  0.0037 -0.0274 -0.0192 -0.0064 -0.0002  0.0058  0.0179  0.0142  0.0182 -0.0241 -0.0137 -0.0100 -0.0096  0.0059  0.0062  0.0122  0.0129  0.0181  0.0006  0.0344  0.0050 -0.0391 -0.0234 -0.0183  1.0000
    42   biomsd    3.2057e+00 1.0457e+00  -0.1041  0.7923  1.0000  0.6378  0.3033  0.1561  0.0820  0.0379  0.0141 -0.0075 -0.0394  0.0366  0.0093  0.0159  0.0103  0.0298  0.0046 -0.0347 -0.0243 -0.0081 -0.0003  0.0074  0.0226  0.0179  0.0230 -0.0305 -0.0174 -0.0126 -0.0121  0.0075  0.0078  0.0154  0.0163  0.0228  0.0007  0.0434  0.0064 -0.0493 -0.0296 -0.0231  0.7923  1.0000
    43   biomsd    3.2057e+00 6.6697e-01  -0.1630  0.5053  0.6378  1.0000  0.4755  0.2447  0.1285  0.0595  0.0222 -0.0116 -0.0617  0.0574  0.0146  0.0249  0.0161  0.0466  0.0073 -0.0542 -0.0380 -0.0127 -0.0005  0.0116  0.0353  0.0280  0.0360 -0.0477 -0.0272 -0.0198 -0.0190  0.0117  0.0122  0.0242  0.0255  0.0358  0.0012  0.0680  0.0100 -0.0772 -0.0463 -0.0361  0.5053  0.6378  1.0000
    44   biomsd    3.5139e+00 6.0622e-01  -0.0408  0.2403  0.3033  0.4755  1.0000  0.5187  0.2797  0.1584  0.1020  0.0605  0.0163  0.0289  0.0097  0.0085  0.0048  0.0119  0.0019 -0.0136 -0.0095 -0.0032 -0.0001  0.0029  0.0089  0.0070  0.0090 -0.0120 -0.0068 -0.0050 -0.0048  0.0029  0.0031  0.0061  0.0064  0.0090  0.0003  0.0170  0.0025 -0.0194 -0.0116 -0.0091  0.2403  0.3033  0.4755  1.0000
    45   biomsd    3.7525e+00 7.6033e-01  -0.0079  0.1237  0.1561  0.2447  0.5187  1.0000  0.5408  0.3129  0.2095  0.1364  0.0656  0.0341  0.0137  0.0062  0.0025  0.0028  0.0006 -0.0026 -0.0018 -0.0006 -0.0000  0.0006  0.0017  0.0014  0.0017 -0.0023 -0.0013 -0.0010 -0.0009  0.0006  0.0006  0.0012  0.0012  0.0017  0.0001  0.0033  0.0005 -0.0037 -0.0022 -0.0017  0.1237  0.1561  0.2447  0.5187  1.0000
    46   biomsd    3.9910e+00 6.5289e-01   0.0196  0.0649  0.0820  0.1285  0.2797  0.5408  1.0000  0.5817  0.3932  0.2616  0.1376  0.0525  0.0229  0.0065  0.0014 -0.0045 -0.0004  0.0067  0.0046  0.0016  0.0001 -0.0014 -0.0043 -0.0034 -0.0043  0.0057  0.0033  0.0024  0.0023 -0.0014 -0.0015 -0.0029 -0.0031 -0.0043 -0.0001 -0.0082 -0.0012  0.0093  0.0056  0.0044  0.0649  0.0820  0.1285  0.2797  0.5408  1.0000
    47   biomsd    4.3089e+00 8.8195e-01   0.1036  0.0301  0.0379  0.0595  0.1584  0.3129  0.5817  1.0000  0.6836  0.4661  0.2687  0.0683  0.0342  0.0009 -0.0044 -0.0276 -0.0038  0.0347  0.0242  0.0081  0.0003 -0.0073 -0.0224 -0.0178 -0.0229  0.0303  0.0173  0.0126  0.0120 -0.0075 -0.0077 -0.0154 -0.0162 -0.0227 -0.0007 -0.0432 -0.0063  0.0491  0.0294  0.0230  0.0301  0.0379  0.0595  0.1584  0.3129  0.5817  1.0000
    48   biomsd    4.6267e+00 9.4902e-01   0.1789  0.0112  0.0141  0.0222  0.1020  0.2095  0.3932  0.6836  1.0000  0.6862  0.4047  0.0908  0.0478 -0.0028 -0.0090 -0.0482 -0.0068  0.0599  0.0418  0.0140  0.0006 -0.0127 -0.0388 -0.0308 -0.0395  0.0524  0.0298  0.0217  0.0208 -0.0129 -0.0134 -0.0265 -0.0280 -0.0392 -0.0013 -0.0746 -0.0109  0.0848  0.0508  0.0397  0.0112  0.0141  0.0222  0.1020  0.2095  0.3932  0.6836  1.0000
    49   biomsd    4.9445e+00 8.9140e-01   0.2784 -0.0059 -0.0075 -0.0116  0.0605  0.1364  0.2616  0.4661  0.6862  1.0000  0.5957  0.1258  0.0680 -0.0068 -0.0149 -0.0753 -0.0107  0.0932  0.0650  0.0218  0.0009 -0.0197 -0.0603 -0.0479 -0.0615  0.0815  0.0464  0.0338  0.0324 -0.0201 -0.0208 -0.0413 -0.0436 -0.0611 -0.0020 -0.1161 -0.0170  0.1319  0.0790  0.0617 -0.0059 -0.0075 -0.0116  0.0605  0.1364  0.2616  0.4661  0.6862  1.0000
    50   biomsd    5.2623e+00 6.7814e-01   0.4818 -0.0312 -0.0394 -0.0617  0.0163  0.0656  0.1376  0.2687  0.4047  0.5957  1.0000  0.2036  0.1118 -0.0140 -0.0267 -0.1306 -0.0187  0.1612  0.1125  0.0377  0.0015 -0.0341 -0.1044 -0.0828 -0.1064  0.1410  0.0803  0.0584  0.0560 -0.0347 -0.0360 -0.0715 -0.0755 -0.1057 -0.0035 -0.2010 -0.0294  0.2283  0.1367  0.1068 -0.0312 -0.0394 -0.0617  0.0163  0.0656  0.1376  0.2687  0.4047  0.5957  1.0000
    51   biomsd    4.0582e+00 5.8400e-01  -0.3046  0.0290  0.0366  0.0574  0.0289  0.0341  0.0525  0.0683  0.0908  0.1258  0.2036  1.0000  0.3982  0.1891  0.0802  0.1038  0.0202 -0.0992 -0.0702 -0.0233 -0.0006  0.0218  0.0661  0.0524  0.0673 -0.0891 -0.0508 -0.0369 -0.0354  0.0220  0.0228  0.0452  0.0477  0.0668  0.0022  0.1271  0.0186 -0.1443 -0.0865 -0.0675  0.0290  0.0366  0.0574  0.0289  0.0341  0.0525  0.0683  0.0908  0.1258  0.2036  1.0000
    52   biomsd    4.2002e+00 5.5023e-01  -0.0701  0.0074  0.0093  0.0146  0.0097  0.0137  0.0229  0.0342  0.0478  0.0680  0.1118  0.3982  1.0000  0.3928  0.1412  0.0651  0.0210 -0.0175 -0.0143 -0.0044  0.0005  0.0054  0.0154  0.0121  0.0155 -0.0205 -0.0117 -0.0085 -0.0081  0.0050  0.0052  0.0104  0.0110  0.0154  0.0005  0.0292  0.0043 -0.0332 -0.0199 -0.0155  0.0074  0.0093  0.0146  0.0097  0.0137  0.0229  0.0342  0.0478  0.0680  0.1118  0.3982  1.0000
    53   biomsd    4.1034e+00 5.4495e-01  -0.1451  0.0126  0.0159  0.0249  0.0085  0.0062  0.0065  0.0009 -0.0028 -0.0068 -0.0140  0.1891  0.3928  1.0000  0.3579  0.1567  0.0521 -0.0335 -0.0287 -0.0087  0.0013  0.0114  0.0320  0.0252  0.0322 -0.0424 -0.0242 -0.0176 -0.0169  0.0105  0.0109  0.0215  0.0227  0.0318  0.0010  0.0605  0.0089 -0.0687 -0.0412 -0.0322  0.0126  0.0159  0.0249  0.0085  0.0062  0.0065  0.0009 -0.0028 -0.0068 -0.0140  0.1891  0.3928  1.0000
    54   biomsd    4.2516e+00 4.8078e-01  -0.0961  0.0081  0.0103  0.0161  0.0048  0.0025  0.0014 -0.0044 -0.0090 -0.0149 -0.0267  0.0802  0.1412  0.3579  1.0000  0.3598  0.1359  0.0106 -0.0077  0.0000  0.0046  0.0100  0.0224  0.0173  0.0216 -0.0280 -0.0160 -0.0116 -0.0112  0.0069  0.0072  0.0143  0.0151  0.0211  0.0007  0.0401  0.0059 -0.0455 -0.0273 -0.0213  0.0081  0.0103  0.0161  0.0048  0.0025  0.0014 -0.0044 -0.0090 -0.0149 -0.0267  0.0802  0.1412  0.3579  1.0000
    55   biomsd    4.2807e+00 5.6058e-01  -0.2848  0.0236  0.0298  0.0466  0.0119  0.0028 -0.0045 -0.0276 -0.0482 -0.0753 -0.1306  0.1038  0.0651  0.1567  0.3598  1.0000  0.3766  0.0229 -0.0256 -0.0014  0.0127  0.0290  0.0661  0.0510  0.0639 -0.0829 -0.0473 -0.0344 -0.0331  0.0205  0.0213  0.0422  0.0446  0.0625  0.0020  0.1188  0.0174 -0.1349 -0.0808 -0.0631  0.0236  0.0298  0.0466  0.0119  0.0028 -0.0045 -0.0276 -0.0482 -0.0753 -0.1306  0.1038  0.0651  0.1567  0.3598  1.0000
    56   biomsd    4.9721e+00 5.3682e-01  -0.0442  0.0037  0.0046  0.0073  0.0019  0.0006 -0.0004 -0.0038 -0.0068 -0.0107 -0.0187  0.0202  0.0210  0.0521  0.1359  0.3766  1.0000  0.3080  0.1014  0.0534  0.0370  0.0273  0.0216  0.0133  0.0125 -0.0118 -0.0068 -0.0050 -0.0050  0.0032  0.0033  0.0066  0.0069  0.0097  0.0003  0.0184  0.0027 -0.0209 -0.0125 -0.0098  0.0037  0.0046  0.0073  0.0019  0.0006 -0.0004 -0.0038 -0.0068 -0.0107 -0.0187  0.0202  0.0210  0.0521  0.1359  0.3766  1.0000
    57   biomsd    5.7890e+00 4.9773e-01   0.3328 -0.0274 -0.0347 -0.0542 -0.0136 -0.0026  0.0067  0.0347  0.0599  0.0932  0.1612 -0.0992 -0.0175 -0.0335  0.0106  0.0229  0.3080  1.0000  0.3853  0.1827  0.1034  0.0431 -0.0390 -0.0416 -0.0660  0.1005  0.0571  0.0413  0.0391 -0.0239 -0.0248 -0.0493 -0.0521 -0.0730 -0.0024 -0.1388 -0.0203  0.1577  0.0945  0.0738 -0.0274 -0.0347 -0.0542 -0.0136 -0.0026  0.0067  0.0347  0.0599  0.0932  0.1612 -0.0992 -0.0175 -0.0335  0.0106  0.0229  0.3080  1.0000
    58   biomsd    5.7540e+00 5.3751e-01   0.2329 -0.0192 -0.0243 -0.0380 -0.0095 -0.0018  0.0046  0.0242  0.0418  0.0650  0.1125 -0.0702 -0.0143 -0.0287 -0.0077 -0.0256  0.1014  0.3853  1.0000  0.4998  0.3154  0.1885  0.0514  0.0080 -0.0282  0.0776  0.0437  0.0312  0.0284 -0.0164 -0.0173 -0.0345 -0.0364 -0.0511 -0.0017 -0.0971 -0.0142  0.1103  0.0661  0.0516 -0.0192 -0.0243 -0.0380 -0.0095 -0.0018  0.0046  0.0242  0.0418  0.0650  0.1125 -0.0702 -0.0143 -0.0287 -0.0077 -0.0256  0.1014  0.3853  1.0000
    59   biomsd    5.3826e+00 8.2082e-01   0.0779 -0.0064 -0.0081 -0.0127 -0.0032 -0.0006  0.0016  0.0081  0.0140  0.0218  0.0377 -0.0233 -0.0044 -0.0087  0.0000 -0.0014  0.0534  0.1827  0.4998  1.0000  0.6497  0.4176  0.1934  0.0857  0.0308  0.0423  0.0231  0.0155  0.0117 -0.0048 -0.0055 -0.0114 -0.0121 -0.0171 -0.0006 -0.0325 -0.0048  0.0369  0.0221  0.0173 -0.0064 -0.0081 -0.0127 -0.0032 -0.0006  0.0016  0.0081  0.0140  0.0218  0.0377 -0.0233 -0.0044 -0.0087  0.0000 -0.0014  0.0534  0.1827  0.4998  1.0000
    60   biomsd    5.0112e+00 8.9704e-01   0.0029 -0.0002 -0.0003 -0.0005 -0.0001 -0.0000  0.0001  0.0003  0.0006  0.0009  0.0015 -0.0006  0.0005  0.0013  0.0046  0.0127  0.0370  0.1034  0.3154  0.6497  1.0000  0.6513  0.3232  0.1521  0.0732  0.0309  0.0161  0.0096  0.0043  0.0011  0.0003 -0.0002 -0.0004 -0.0006 -0.0000 -0.0012 -0.0002  0.0014  0.0008  0.0006 -0.0002 -0.0003 -0.0005 -0.0001 -0.0000  0.0001  0.0003  0.0006  0.0009  0.0015 -0.0006  0.0005  0.0013  0.0046  0.0127  0.0370  0.1034  0.3154  0.6497  1.0000
    61   biomsd    4.6399e+00 8.2566e-01  -0.0709  0.0058  0.0074  0.0116  0.0029  0.0006 -0.0014 -0.0073 -0.0127 -0.0197 -0.0341  0.0218  0.0054  0.0114  0.0100  0.0290  0.0273  0.0431  0.1885  0.4176  0.6513  1.0000  0.5099  0.2453  0.1285  0.0251  0.0120  0.0056 -0.0021  0.0071  0.0061  0.0108  0.0112  0.0156  0.0005  0.0296  0.0043 -0.0336 -0.0201 -0.0157  0.0058  0.0074  0.0116  0.0029  0.0006 -0.0014 -0.0073 -0.0127 -0.0197 -0.0341  0.0218  0.0054  0.0114  0.0100  0.0290  0.0273  0.0431  0.1885  0.4176  0.6513  1.0000
    62   biomsd    4.2685e+00 5.5210e-01  -0.2167  0.0179  0.0226  0.0353  0.0089  0.0017 -0.0043 -0.0224 -0.0388 -0.0603 -0.1044  0.0661  0.0154  0.0320  0.0224  0.0661  0.0216 -0.0390  0.0514  0.1934  0.3232  0.5099  1.0000  0.4864  0.2653  0.0250  0.0097  0.0010 -0.0134  0.0195  0.0177  0.0327  0.0342  0.0476  0.0016  0.0904  0.0132 -0.1027 -0.0615 -0.0480  0.0179  0.0226  0.0353  0.0089  0.0017 -0.0043 -0.0224 -0.0388 -0.0603 -0.1044  0.0661  0.0154  0.0320  0.0224  0.0661  0.0216 -0.0390  0.0514  0.1934  0.3232  0.5099  1.0000
    63   biomsd    4.3131e+00 7.2966e-01  -0.1720  0.0142  0.0179  0.0280  0.0070  0.0014 -0.0034 -0.0178 -0.0308 -0.0479 -0.0828  0.0524  0.0121  0.0252  0.0173  0.0510  0.0133 -0.0416  0.0080  0.0857  0.1521  0.2453  0.4864  1.0000  0.5077  0.1406  0.0704  0.0382  0.0054  0.0207  0.0160  0.0267  0.0274  0.0379  0.0013  0.0718  0.0105 -0.0815 -0.0488 -0.0381  0.0142  0.0179  0.0280  0.0070  0.0014 -0.0034 -0.0178 -0.0308 -0.0479 -0.0828  0.0524  0.0121  0.0252  0.0173  0.0510  0.0133 -0.0416  0.0080  0.0857  0.1521  0.2453  0.4864  1.0000
    64   biomsd    4.3577e+00 5.9451e-01  -0.2209  0.0182  0.0230  0.0360  0.0090  0.0017 -0.0043 -0.0229 -0.0395 -0.0615 -0.1064  0.0673  0.0155  0.0322  0.0216  0.0639  0.0125 -0.0660 -0.0282  0.0308  0.0732  0.1285  0.2653  0.5077  1.0000  0.3220  0.1638  0.0927  0.0258  0.0328  0.0229  0.0352  0.0356  0.0488  0.0017  0.0922  0.0135 -0.1046 -0.0627 -0.0490  0.0182  0.0230  0.0360  0.0090  0.0017 -0.0043 -0.0229 -0.0395 -0.0615 -0.1064  0.0673  0.0155  0.0322  0.0216  0.0639  0.0125 -0.0660 -0.0282  0.0308  0.0732  0.1285  0.2653  0.5077  1.0000
    65   biomsd    5.1188e+00 5.8559e-01   0.2926 -0.0241 -0.0305 -0.0477 -0.0120 -0.0023  0.0057  0.0303  0.0524  0.0815  0.1410 -0.0891 -0.0205 -0.0424 -0.0280 -0.0829 -0.0118  0.1005  0.0776  0.0423  0.0309  0.0251  0.0250  0.1406  0.3220  1.0000  0.5232  0.3182  0.1559  0.0188 -0.0069 -0.0376 -0.0435 -0.0633 -0.0017 -0.1219 -0.0178  0.1386  0.0831  0.0649 -0.0241 -0.0305 -0.0477 -0.0120 -0.0023  0.0057  0.0303  0.0524  0.0815  0.1410 -0.0891 -0.0205 -0.0424 -0.0280 -0.0829 -0.0118  0.1005  0.0776  0.0423  0.0309  0.0251  0.0250  0.1406  0.3220  1.0000
    66   biomsd    4.9706e+00 7.9153e-01   0.1668 -0.0137 -0.0174 -0.0272 -0.0068 -0.0013  0.0033  0.0173  0.0298  0.0464  0.0803 -0.0508 -0.0117 -0.0242 -0.0160 -0.0473 -0.0068  0.0571  0.0437  0.0231  0.0161  0.0120  0.0097  0.0704  0.1638  0.5232  1.0000  0.5995  0.2692  0.0698  0.0183 -0.0128 -0.0214 -0.0348 -0.0005 -0.0693 -0.0101  0.0790  0.0473  0.0370 -0.0137 -0.0174 -0.0272 -0.0068 -0.0013  0.0033  0.0173  0.0298  0.0464  0.0803 -0.0508 -0.0117 -0.0242 -0.0160 -0.0473 -0.0068  0.0571  0.0437  0.0231  0.0161  0.0120  0.0097  0.0704  0.1638  0.5232  1.0000
    67   biomsd    4.8225e+00 7.6268e-01   0.1213 -0.0100 -0.0126 -0.0198 -0.0050 -0.0010  0.0024  0.0126  0.0217  0.0338  0.0584 -0.0369 -0.0085 -0.0176 -0.0116 -0.0344 -0.0050  0.0413  0.0312  0.0155  0.0096  0.0056  0.0010  0.0382  0.0927  0.3182  0.5995  1.0000  0.4390  0.1304  0.0433  0.0023 -0.0110 -0.0235  0.0004 -0.0501 -0.0072  0.0575  0.0344  0.0269 -0.0100 -0.0126 -0.0198 -0.0050 -0.0010  0.0024  0.0126  0.0217  0.0338  0.0584 -0.0369 -0.0085 -0.0176 -0.0116 -0.0344 -0.0050  0.0413  0.0312  0.0155  0.0096  0.0056  0.0010  0.0382  0.0927  0.3182  0.5995  1.0000
    68   biomsd    4.6743e+00 4.5657e-01   0.1163 -0.0096 -0.0121 -0.0190 -0.0048 -0.0009  0.0023  0.0120  0.0208  0.0324  0.0560 -0.0354 -0.0081 -0.0169 -0.0112 -0.0331 -0.0050  0.0391  0.0284  0.0117  0.0043 -0.0021 -0.0134  0.0054  0.0258  0.1559  0.2692  0.4390  1.0000  0.3147  0.1129  0.0299  0.0003 -0.0183  0.0021 -0.0475 -0.0067  0.0552  0.0331  0.0258 -0.0096 -0.0121 -0.0190 -0.0048 -0.0009  0.0023  0.0120  0.0208  0.0324  0.0560 -0.0354 -0.0081 -0.0169 -0.0112 -0.0331 -0.0050  0.0391  0.0284  0.0117  0.0043 -0.0021 -0.0134  0.0054  0.0258  0.1559  0.2692  0.4390  1.0000
    69   biomsd    4.2424e+00 5.2332e-01  -0.0721  0.0059  0.0075  0.0117  0.0029  0.0006 -0.0014 -0.0075 -0.0129 -0.0201 -0.0347  0.0220  0.0050  0.0105  0.0069  0.0205  0.0032 -0.0239 -0.0164 -0.0048  0.0011  0.0071  0.0195  0.0207  0.0328  0.0188  0.0698  0.1304  0.3147  1.0000  0.3799  0.1558  0.0682  0.0379  0.0094  0.0332  0.0056 -0.0338 -0.0202 -0.0158  0.0059  0.0075  0.0117  0.0029  0.0006 -0.0014 -0.0075 -0.0129 -0.0201 -0.0347  0.0220  0.0050  0.0105  0.0069  0.0205  0.0032 -0.0239 -0.0164 -0.0048  0.0011  0.0071  0.0195  0.0207  0.0328  0.0188  0.0698  0.1304  0.3147  1.0000
    70   biomsd    4.0223e+00 5.4676e-01  -0.0748  0.0062  0.0078  0.0122  0.0031  0.0006 -0.0015 -0.0077 -0.0134 -0.0208 -0.0360  0.0228  0.0052  0.0109  0.0072  0.0213  0.0033 -0.0248 -0.0173 -0.0055  0.0003  0.0061  0.0177  0.0160  0.0229 -0.0069  0.0183  0.0433  0.1129  0.3799  1.0000  0.3965  0.1630  0.0751  0.0242  0.0395  0.0078 -0.0344 -0.0206 -0.0161  0.0062  0.0078  0.0122  0.0031  0.0006 -0.0015 -0.0077 -0.0134 -0.0208 -0.0360  0.0228  0.0052  0.0109  0.0072  0.0213  0.0033 -0.0248 -0.0173 -0.0055  0.0003  0.0061  0.0177  0.0160  0.0229 -0.0069  0.0183  0.0433  0.1129  0.3799  1.0000
    71   biomsd    3.8023e+00 5.5487e-01  -0.1483  0.0122  0.0154  0.0242  0.0061  0.0012 -0.0029 -0.0154 -0.0265 -0.0413 -0.0715  0.0452  0.0104  0.0215  0.0143  0.0422  0.0066 -0.0493 -0.0345 -0.0114 -0.0002  0.0108  0.0327  0.0267  0.0352 -0.0376 -0.0128  0.0023  0.0299  0.1558  0.3965  1.0000  0.4070  0.1816  0.0610  0.0830  0.0173 -0.0677 -0.0406 -0.0317  0.0122  0.0154  0.0242  0.0061  0.0012 -0.0029 -0.0154 -0.0265 -0.0413 -0.0715  0.0452  0.0104  0.0215  0.0143  0.0422  0.0066 -0.0493 -0.0345 -0.0114 -0.0002  0.0108  0.0327  0.0267  0.0352 -0.0376 -0.0128  0.0023  0.0299  0.1558  0.3965  1.0000
    72   biomsd    3.7708e+00 5.5612e-01  -0.1566  0.0129  0.0163  0.0255  0.0064  0.0012 -0.0031 -0.0162 -0.0280 -0.0436 -0.0755  0.0477  0.0110  0.0227  0.0151  0.0446  0.0069 -0.0521 -0.0364 -0.0121 -0.0004  0.0112  0.0342  0.0274  0.0356 -0.0435 -0.0214 -0.0110  0.0003  0.0682  0.1630  0.4070  1.0000  0.4132  0.1535  0.1190  0.0304 -0.0678 -0.0406 -0.0317  0.0129  0.0163  0.0255  0.0064  0.0012 -0.0031 -0.0162 -0.0280 -0.0436 -0.0755  0.0477  0.0110  0.0227  0.0151  0.0446  0.0069 -0.0521 -0.0364 -0.0121 -0.0004  0.0112  0.0342  0.0274  0.0356 -0.0435 -0.0214 -0.0110  0.0003  0.0682  0.1630  0.4070  1.0000
    73   biomsd    3.8223e+00 5.6283e-01  -0.2193  0.0181  0.0228  0.0358  0.0090  0.0017 -0.0043 -0.0227 -0.0392 -0.0611 -0.1057  0.0668  0.0154  0.0318  0.0211  0.0625  0.0097 -0.0730 -0.0511 -0.0171 -0.0006  0.0156  0.0476  0.0379  0.0488 -0.0633 -0.0348 -0.0235 -0.0183  0.0379  0.0751  0.1816  0.4132  1.0000  0.3844  0.2263  0.0657 -0.0878 -0.0526 -0.0411  0.0181  0.0228  0.0358  0.0090  0.0017 -0.0043 -0.0227 -0.0392 -0.0611 -0.1057  0.0668  0.0154  0.0318  0.0211  0.0625  0.0097 -0.0730 -0.0511 -0.0171 -0.0006  0.0156  0.0476  0.0379  0.0488 -0.0633 -0.0348 -0.0235 -0.0183  0.0379  0.0751  0.1816  0.4132  1.0000
    74   biomsd    4.3243e+00 5.4792e-01  -0.0072  0.0006  0.0007  0.0012  0.0003  0.0001 -0.0001 -0.0007 -0.0013 -0.0020 -0.0035  0.0022  0.0005  0.0010  0.0007  0.0020  0.0003 -0.0024 -0.0017 -0.0006 -0.0000  0.0005  0.0016  0.0013  0.0017 -0.0017 -0.0005  0.0004  0.0021  0.0094  0.0242  0.0610  0.1535  0.3844  1.0000  0.3552  0.1371  0.0386  0.0231  0.0180  0.0006  0.0007  0.0012  0.0003  0.0001 -0.0001 -0.0007 -0.0013 -0.0020 -0.0035  0.0022  0.0005  0.0010  0.0007  0.0020  0.0003 -0.0024 -0.0017 -0.0006 -0.0000  0.0005  0.0016  0.0013  0.0017 -0.0017 -0.0005  0.0004  0.0021  0.0094  0.0242  0.0610  0.1535  0.3844  1.0000
    75   biomsd    4.2291e+00 5.9404e-01  -0.4171  0.0344  0.0434  0.0680  0.0170  0.0033 -0.0082 -0.0432 -0.0746 -0.1161 -0.2010  0.1271  0.0292  0.0605  0.0401  0.1188  0.0184 -0.1388 -0.0971 -0.0325 -0.0012  0.0296  0.0904  0.0718  0.0922 -0.1219 -0.0693 -0.0501 -0.0475  0.0332  0.0395  0.0830  0.1190  0.2263  0.3552  1.0000  0.3461 -0.0991 -0.0594 -0.0464  0.0344  0.0434  0.0680  0.0170  0.0033 -0.0082 -0.0432 -0.0746 -0.1161 -0.2010  0.1271  0.0292  0.0605  0.0401  0.1188  0.0184 -0.1388 -0.0971 -0.0325 -0.0012  0.0296  0.0904  0.0718  0.0922 -0.1219 -0.0693 -0.0501 -0.0475  0.0332  0.0395  0.0830  0.1190  0.2263  0.3552  1.0000
    76   biomsd    5.2860e+00 4.8606e-01  -0.0611  0.0050  0.0064  0.0100  0.0025  0.0005 -0.0012 -0.0063 -0.0109 -0.0170 -0.0294  0.0186  0.0043  0.0089  0.0059  0.0174  0.0027 -0.0203 -0.0142 -0.0048 -0.0002  0.0043  0.0132  0.0105  0.0135 -0.0178 -0.0101 -0.0072 -0.0067  0.0056  0.0078  0.0173  0.0304  0.0657  0.1371  0.3461  1.0000  0.2773  0.1660  0.1296  0.0050  0.0064  0.0100  0.0025  0.0005 -0.0012 -0.0063 -0.0109 -0.0170 -0.0294  0.0186  0.0043  0.0089  0.0059  0.0174  0.0027 -0.0203 -0.0142 -0.0048 -0.0002  0.0043  0.0132  0.0105  0.0135 -0.0178 -0.0101 -0.0072 -0.0067  0.0056  0.0078  0.0173  0.0304  0.0657  0.1371  0.3461  1.0000
    77   biomsd    6.5788e+00 6.0197e-01   0.4737 -0.0391 -0.0493 -0.0772 -0.0194 -0.0037  0.0093  0.0491  0.0848  0.1319  0.2283 -0.1443 -0.0332 -0.0687 -0.0455 -0.1349 -0.0209  0.1577  0.1103  0.0369  0.0014 -0.0336 -0.1027 -0.0815 -0.1046  0.1386  0.0790  0.0575  0.0552 -0.0338 -0.0344 -0.0677 -0.0678 -0.0878  0.0386 -0.0991  0.2773  1.0000  0.5988  0.4674 -0.0391 -0.0493 -0.0772 -0.0194 -0.0037  0.0093  0.0491  0.0848  0.1319  0.2283 -0.1443 -0.0332 -0.0687 -0.0455 -0.1349 -0.0209  0.1577  0.1103  0.0369  0.0014 -0.0336 -0.1027 -0.0815 -0.1046  0.1386  0.0790  0.0575  0.0552 -0.0338 -0.0344 -0.0677 -0.0678 -0.0878  0.0386 -0.0991  0.2773  1.0000
    78   biomsd    6.5788e+00 1.0055e+00   0.2838 -0.0234 -0.0296 -0.0463 -0.0116 -0.0022  0.0056  0.0294  0.0508  0.0790  0.1367 -0.0865 -0.0199 -0.0412 -0.0273 -0.0808 -0.0125  0.0945  0.0661  0.0221  0.0008 -0.0201 -0.0615 -0.0488 -0.0627  0.0831  0.0473  0.0344  0.0331 -0.0202 -0.0206 -0.0406 -0.0406 -0.0526  0.0231 -0.0594  0.1660  0.5988  1.0000  0.7805 -0.0234 -0.0296 -0.0463 -0.0116 -0.0022  0.0056  0.0294  0.0508  0.0790  0.1367 -0.0865 -0.0199 -0.0412 -0.0273 -0.0808 -0.0125  0.0945  0.0661  0.0221  0.0008 -0.0201 -0.0615 -0.0488 -0.0627  0.0831  0.0473  0.0344  0.0331 -0.0202 -0.0206 -0.0406 -0.0406 -0.0526  0.0231 -0.0594  0.1660  0.5988  1.0000
    79   biomsd    6.5788e+00 1.2883e+00   0.2216 -0.0183 -0.0231 -0.0361 -0.0091 -0.0017  0.0044  0.0230  0.0397  0.0617  0.1068 -0.0675 -0.0155 -0.0322 -0.0213 -0.0631 -0.0098  0.0738  0.0516  0.0173  0.0006 -0.0157 -0.0480 -0.0381 -0.0490  0.0649  0.0370  0.0269  0.0258 -0.0158 -0.0161 -0.0317 -0.0317 -0.0411  0.0180 -0.0464  0.1296  0.4674  0.7805  1.0000 -0.0183 -0.0231 -0.0361 -0.0091 -0.0017  0.0044  0.0230  0.0397  0.0617  0.1068 -0.0675 -0.0155 -0.0322 -0.0213 -0.0631 -0.0098  0.0738  0.0516  0.0173  0.0006 -0.0157 -0.0480 -0.0381 -0.0490  0.0649  0.0370  0.0269  0.0258 -0.0158 -0.0161 -0.0317 -0.0317 -0.0411  0.0180 -0.0464  0.1296  0.4674  0.7805  1.0000
    80   biomA     2.4672e+01 3.2564e+01  -0.0824  1.0000  0.7923  0.5053  0.2403  0.1237  0.0649  0.0301  0.0112 -0.0059 -0.0312  0.0290  0.0074  0.0126  0.0081  0.0236  0.0037 -0.0274 -0.0192 -0.0064 -0.0002  0.0058  0.0179  0.0142  0.0182 -0.0241 -0.0137 -0.0100 -0.0096  0.0059  0.0062  0.0122  0.0129  0.0181  0.0006  0.0344  0.0050 -0.0391 -0.0234 -0.0183  1.0000  0.7923  0.5053  0.2403  0.1237  0.0649  0.0301  0.0112 -0.0059 -0.0312  0.0290  0.0074  0.0126  0.0081  0.0236  0.0037 -0.0274 -0.0192 -0.0064 -0.0002  0.0058  0.0179  0.0142  0.0182 -0.0241 -0.0137 -0.0100 -0.0096  0.0059  0.0062  0.0122  0.0129  0.0181  0.0006  0.0344  0.0050 -0.0391 -0.0234 -0.0183  1.0000
    81   biomA     2.4672e+01 2.5800e+01  -0.1041  0.7923  1.0000  0.6378  0.3033  0.1561  0.0820  0.0379  0.0141 -0.0075 -0.0394  0.0366  0.0093  0.0159  0.0103  0.0298  0.0046 -0.0347 -0.0243 -0.0081 -0.0003  0.0074  0.0226  0.0179  0.0230 -0.0305 -0.0174 -0.0126 -0.0121  0.0075  0.0078  0.0154  0.0163  0.0228  0.0007  0.0434  0.0064 -0.0493 -0.0296 -0.0231  0.7923  1.0000  0.6378  0.3033  0.1561  0.0820  0.0379  0.0141 -0.0075 -0.0394  0.0366  0.0093  0.0159  0.0103  0.0298  0.0046 -0.0347 -0.0243 -0.0081 -0.0003  0.0074  0.0226  0.0179  0.0230 -0.0305 -0.0174 -0.0126 -0.0121  0.0075  0.0078  0.0154  0.0163  0.0228  0.0007  0.0434  0.0064 -0.0493 -0.0296 -0.0231  0.7923  1.0000
    82   biomA     2.4672e+01 1.6456e+01  -0.1630  0.5053  0.6378  1.0000  0.4755  0.2447  0.1285  0.0595  0.0222 -0.0116 -0.0617  0.0574  0.0146  0.0249  0.0161  0.0466  0.0073 -0.0542 -0.0380 -0.0127 -0.0005  0.0116  0.0353  0.0280  0.0360 -0.0477 -0.0272 -0.0198 -0.0190  0.0117  0.0122  0.0242  0.0255  0.0358  0.0012  0.0680  0.0100 -0.0772 -0.0463 -0.0361  0.5053  0.6378  1.0000  0.4755  0.2447  0.1285  0.0595  0.0222 -0.0116 -0.0617  0.0574  0.0146  0.0249  0.0161  0.0466  0.0073 -0.0542 -0.0380 -0.0127 -0.0005  0.0116  0.0353  0.0280  0.0360 -0.0477 -0.0272 -0.0198 -0.0190  0.0117  0.0122  0.0242  0.0255  0.0358  0.0012  0.0680  0.0100 -0.0772 -0.0463 -0.0361  0.5053  0.6378  1.0000
    83   biomA     3.3578e+01 2.0356e+01  -0.0408  0.2403  0.3033  0.4755  1.0000  0.5187  0.2797  0.1584  0.1020  0.0605  0.0163  0.0289  0.0097  0.0085  0.0048  0.0119  0.0019 -0.0136 -0.0095 -0.0032 -0.0001  0.0029  0.0089  0.0070  0.0090 -0.0120 -0.0068 -0.0050 -0.0048  0.0029  0.0031  0.0061  0.0064  0.0090  0.0003  0.0170  0.0025 -0.0194 -0.0116 -0.0091  0.2403  0.3033  0.4755  1.0000  0.5187  0.2797  0.1584  0.1020  0.0605  0.0163  0.0289  0.0097  0.0085  0.0048  0.0119  0.0019 -0.0136 -0.0095 -0.0032 -0.0001  0.0029  0.0089  0.0070  0.0090 -0.0120 -0.0068 -0.0050 -0.0048  0.0029  0.0031  0.0061  0.0064  0.0090  0.0003  0.0170  0.0025 -0.0194 -0.0116 -0.0091  0.2403  0.3033  0.4755  1.0000
    84   biomA     4.2626e+01 3.2410e+01  -0.0079  0.1237  0.1561  0.2447  0.5187  1.0000  0.5408  0.3129  0.2095  0.1364  0.0656  0.0341  0.0137  0.0062  0.0025  0.0028  0.0006 -0.0026 -0.0018 -0.0006 -0.0000  0.0006  0.0017  0.0014  0.0017 -0.0023 -0.0013 -0.0010 -0.0009  0.0006  0.0006  0.0012  0.0012  0.0017  0.0001  0.0033  0.0005 -0.0037 -0.0022 -0.0017  0.1237  0.1561  0.2447  0.5187  1.0000  0.5408  0.3129  0.2095  0.1364  0.0656  0.0341  0.0137  0.0062  0.0025  0.0028  0.0006 -0.0026 -0.0018 -0.0006 -0.0000  0.0006  0.0017  0.0014  0.0017 -0.0023 -0.0013 -0.0010 -0.0009  0.0006  0.0006  0.0012  0.0012  0.0017  0.0001  0.0033  0.0005 -0.0037 -0.0022 -0.0017  0.1237  0.1561  0.2447  0.5187  1.0000
    85   biomA     5.4112e+01 3.5329e+01   0.0196  0.0649  0.0820  0.1285  0.2797  0.5408  1.0000  0.5817  0.3932  0.2616  0.1376  0.0525  0.0229  0.0065  0.0014 -0.0045 -0.0004  0.0067  0.0046  0.0016  0.0001 -0.0014 -0.0043 -0.0034 -0.0043  0.0057  0.0033  0.0024  0.0023 -0.0014 -0.0015 -0.0029 -0.0031 -0.0043 -0.0001 -0.0082 -0.0012  0.0093  0.0056  0.0044  0.0649  0.0820  0.1285  0.2797  0.5408  1.0000  0.5817  0.3932  0.2616  0.1376  0.0525  0.0229  0.0065  0.0014 -0.0045 -0.0004  0.0067  0.0046  0.0016  0.0001 -0.0014 -0.0043 -0.0034 -0.0043  0.0057  0.0033  0.0024  0.0023 -0.0014 -0.0015 -0.0029 -0.0031 -0.0043 -0.0001 -0.0082 -0.0012  0.0093  0.0056  0.0044  0.0649  0.0820  0.1285  0.2797  0.5408  1.0000
    86   biomA     7.4357e+01 6.5579e+01   0.1036  0.0301  0.0379  0.0595  0.1584  0.3129  0.5817  1.0000  0.6836  0.4661  0.2687  0.0683  0.0342  0.0009 -0.0044 -0.0276 -0.0038  0.0347  0.0242  0.0081  0.0003 -0.0073 -0.0224 -0.0178 -0.0229  0.0303  0.0173  0.0126  0.0120 -0.0075 -0.0077 -0.0154 -0.0162 -0.0227 -0.0007 -0.0432 -0.0063  0.0491  0.0294  0.0230  0.0301  0.0379  0.0595  0.1584  0.3129  0.5817  1.0000  0.6836  0.4661  0.2687  0.0683  0.0342  0.0009 -0.0044 -0.0276 -0.0038  0.0347  0.0242  0.0081  0.0003 -0.0073 -0.0224 -0.0178 -0.0229  0.0303  0.0173  0.0126  0.0120 -0.0075 -0.0077 -0.0154 -0.0162 -0.0227 -0.0007 -0.0432 -0.0063  0.0491  0.0294  0.0230  0.0301  0.0379  0.0595  0.1584  0.3129  0.5817  1.0000
    87   biomA     1.0218e+02 9.6967e+01   0.1789  0.0112  0.0141  0.0222  0.1020  0.2095  0.3932  0.6836  1.0000  0.6862  0.4047  0.0908  0.0478 -0.0028 -0.0090 -0.0482 -0.0068  0.0599  0.0418  0.0140  0.0006 -0.0127 -0.0388 -0.0308 -0.0395  0.0524  0.0298  0.0217  0.0208 -0.0129 -0.0134 -0.0265 -0.0280 -0.0392 -0.0013 -0.0746 -0.0109  0.0848  0.0508  0.0397  0.0112  0.0141  0.0222  0.1020  0.2095  0.3932  0.6836  1.0000  0.6862  0.4047  0.0908  0.0478 -0.0028 -0.0090 -0.0482 -0.0068  0.0599  0.0418  0.0140  0.0006 -0.0127 -0.0388 -0.0308 -0.0395  0.0524  0.0298  0.0217  0.0208 -0.0129 -0.0134 -0.0265 -0.0280 -0.0392 -0.0013 -0.0746 -0.0109  0.0848  0.0508  0.0397  0.0112  0.0141  0.0222  0.1020  0.2095  0.3932  0.6836  1.0000
    88   biomA     1.4040e+02 1.2516e+02   0.2784 -0.0059 -0.0075 -0.0116  0.0605  0.1364  0.2616  0.4661  0.6862  1.0000  0.5957  0.1258  0.0680 -0.0068 -0.0149 -0.0753 -0.0107  0.0932  0.0650  0.0218  0.0009 -0.0197 -0.0603 -0.0479 -0.0615  0.0815  0.0464  0.0338  0.0324 -0.0201 -0.0208 -0.0413 -0.0436 -0.0611 -0.0020 -0.1161 -0.0170  0.1319  0.0790  0.0617 -0.0059 -0.0075 -0.0116  0.0605  0.1364  0.2616  0.4661  0.6862  1.0000  0.5957  0.1258  0.0680 -0.0068 -0.0149 -0.0753 -0.0107  0.0932  0.0650  0.0218  0.0009 -0.0197 -0.0603 -0.0479 -0.0615  0.0815  0.0464  0.0338  0.0324 -0.0201 -0.0208 -0.0413 -0.0436 -0.0611 -0.0020 -0.1161 -0.0170  0.1319  0.0790  0.0617 -0.0059 -0.0075 -0.0116  0.0605  0.1364  0.2616  0.4661  0.6862  1.0000
    89   biomA     1.9293e+02 1.3084e+02   0.4818 -0.0312 -0.0394 -0.0617  0.0163  0.0656  0.1376  0.2687  0.4047  0.5957  1.0000  0.2036  0.1118 -0.0140 -0.0267 -0.1306 -0.0187  0.1612  0.1125  0.0377  0.0015 -0.0341 -0.1044 -0.0828 -0.1064  0.1410  0.0803  0.0584  0.0560 -0.0347 -0.0360 -0.0715 -0.0755 -0.1057 -0.0035 -0.2010 -0.0294  0.2283  0.1367  0.1068 -0.0312 -0.0394 -0.0617  0.0163  0.0656  0.1376  0.2687  0.4047  0.5957  1.0000  0.2036  0.1118 -0.0140 -0.0267 -0.1306 -0.0187  0.1612  0.1125  0.0377  0.0015 -0.0341 -0.1044 -0.0828 -0.1064  0.1410  0.0803  0.0584  0.0560 -0.0347 -0.0360 -0.0715 -0.0755 -0.1057 -0.0035 -0.2010 -0.0294  0.2283  0.1367  0.1068 -0.0312 -0.0394 -0.0617  0.0163  0.0656  0.1376  0.2687  0.4047  0.5957  1.0000
    90   biomA     5.7871e+01 3.3796e+01  -0.3046  0.0290  0.0366  0.0574  0.0289  0.0341  0.0525  0.0683  0.0908  0.1258  0.2036  1.0000  0.3982  0.1891  0.0802  0.1038  0.0202 -0.0992 -0.0702 -0.0233 -0.0006  0.0218  0.0661  0.0524  0.0673 -0.0891 -0.0508 -0.0369 -0.0354  0.0220  0.0228  0.0452  0.0477  0.0668  0.0022  0.1271  0.0186 -0.1443 -0.0865 -0.0675  0.0290  0.0366  0.0574  0.0289  0.0341  0.0525  0.0683  0.0908  0.1258  0.2036  1.0000  0.3982  0.1891  0.0802  0.1038  0.0202 -0.0992 -0.0702 -0.0233 -0.0006  0.0218  0.0661  0.0524  0.0673 -0.0891 -0.0508 -0.0369 -0.0354  0.0220  0.0228  0.0452  0.0477  0.0668  0.0022  0.1271  0.0186 -0.1443 -0.0865 -0.0675  0.0290  0.0366  0.0574  0.0289  0.0341  0.0525  0.0683  0.0908  0.1258  0.2036  1.0000
    91   biomA     6.6698e+01 3.6699e+01  -0.0701  0.0074  0.0093  0.0146  0.0097  0.0137  0.0229  0.0342  0.0478  0.0680  0.1118  0.3982  1.0000  0.3928  0.1412  0.0651  0.0210 -0.0175 -0.0143 -0.0044  0.0005  0.0054  0.0154  0.0121  0.0155 -0.0205 -0.0117 -0.0085 -0.0081  0.0050  0.0052  0.0104  0.0110  0.0154  0.0005  0.0292  0.0043 -0.0332 -0.0199 -0.0155  0.0074  0.0093  0.0146  0.0097  0.0137  0.0229  0.0342  0.0478  0.0680  0.1118  0.3982  1.0000  0.3928  0.1412  0.0651  0.0210 -0.0175 -0.0143 -0.0044  0.0005  0.0054  0.0154  0.0121  0.0155 -0.0205 -0.0117 -0.0085 -0.0081  0.0050  0.0052  0.0104  0.0110  0.0154  0.0005  0.0292  0.0043 -0.0332 -0.0199 -0.0155  0.0074  0.0093  0.0146  0.0097  0.0137  0.0229  0.0342  0.0478  0.0680  0.1118  0.3982  1.0000
    92   biomA     6.0547e+01 3.2995e+01  -0.1451  0.0126  0.0159  0.0249  0.0085  0.0062  0.0065  0.0009 -0.0028 -0.0068 -0.0140  0.1891  0.3928  1.0000  0.3579  0.1567  0.0521 -0.0335 -0.0287 -0.0087  0.0013  0.0114  0.0320  0.0252  0.0322 -0.0424 -0.0242 -0.0176 -0.0169  0.0105  0.0109  0.0215  0.0227  0.0318  0.0010  0.0605  0.0089 -0.0687 -0.0412 -0.0322  0.0126  0.0159  0.0249  0.0085  0.0062  0.0065  0.0009 -0.0028 -0.0068 -0.0140  0.1891  0.3928  1.0000  0.3579  0.1567  0.0521 -0.0335 -0.0287 -0.0087  0.0013  0.0114  0.0320  0.0252  0.0322 -0.0424 -0.0242 -0.0176 -0.0169  0.0105  0.0109  0.0215  0.0227  0.0318  0.0010  0.0605  0.0089 -0.0687 -0.0412 -0.0322  0.0126  0.0159  0.0249  0.0085  0.0062  0.0065  0.0009 -0.0028 -0.0068 -0.0140  0.1891  0.3928  1.0000
    93   biomA     7.0217e+01 3.3759e+01  -0.0961  0.0081  0.0103  0.0161  0.0048  0.0025  0.0014 -0.0044 -0.0090 -0.0149 -0.0267  0.0802  0.1412  0.3579  1.0000  0.3598  0.1359  0.0106 -0.0077  0.0000  0.0046  0.0100  0.0224  0.0173  0.0216 -0.0280 -0.0160 -0.0116 -0.0112  0.0069  0.0072  0.0143  0.0151  0.0211  0.0007  0.0401  0.0059 -0.0455 -0.0273 -0.0213  0.0081  0.0103  0.0161  0.0048  0.0025  0.0014 -0.0044 -0.0090 -0.0149 -0.0267  0.0802  0.1412  0.3579  1.0000  0.3598  0.1359  0.0106 -0.0077  0.0000  0.0046  0.0100  0.0224  0.0173  0.0216 -0.0280 -0.0160 -0.0116 -0.0112  0.0069  0.0072  0.0143  0.0151  0.0211  0.0007  0.0401  0.0059 -0.0455 -0.0273 -0.0213  0.0081  0.0103  0.0161  0.0048  0.0025  0.0014 -0.0044 -0.0090 -0.0149 -0.0267  0.0802  0.1412  0.3579  1.0000
