 The logarithm of the determinant of the hessian = 2.03289
 index   name       value      std.dev       1       2       3       4       5       6       7       8       9      10      11      12      13      14      15      16      17      18      19      20      21      22      23      24      25      26      27      28      29      30      31   
     1   logSdLam -2.0442e+00 3.6188e-01   1.0000
     2   biom      9.7711e+00 1.0219e-01  -0.2005  1.0000
     3   biom      9.8136e+00 1.1657e-01  -0.1338  0.5223  1.0000
     4   biom      9.8561e+00 7.9926e-02  -0.1338  0.2449  0.4502  1.0000
     5   biom      9.9297e+00 1.3072e-01  -0.0435  0.1136  0.2137  0.4780  1.0000
     6   biom      1.0003e+01 1.4578e-01  -0.0047  0.0694  0.1363  0.3090  0.6520  1.0000
     7   biom      1.0077e+01 1.3738e-01   0.0315  0.0392  0.0861  0.2009  0.4322  0.6650  1.0000
     8   biom      1.0151e+01 9.9775e-02   0.0935  0.0066  0.0378  0.1017  0.2375  0.3701  0.5595  1.0000
     9   biom      1.0206e+01 1.1929e-01   0.0913 -0.0052  0.0138  0.0468  0.1208  0.1910  0.2903  0.5205  1.0000
    10   biom      1.0260e+01 9.2616e-02   0.1345 -0.0206 -0.0053  0.0109  0.0553  0.0932  0.1452  0.2636  0.4984  1.0000
    11   biom      1.0283e+01 1.1620e-01   0.0518 -0.0072 -0.0007  0.0072  0.0277  0.0457  0.0706  0.1277  0.2426  0.4875  1.0000
    12   biom      1.0305e+01 8.9894e-02  -0.0047  0.0024  0.0036  0.0074  0.0146  0.0221  0.0330  0.0585  0.1138  0.2300  0.4785  1.0000
    13   biom      1.0344e+01 1.3537e-01   0.0313 -0.0055 -0.0026 -0.0006  0.0062  0.0114  0.0184  0.0339  0.0628  0.1253  0.2530  0.5250  1.0000
    14   biom      1.0382e+01 1.4937e-01   0.0595 -0.0114 -0.0069 -0.0056  0.0024  0.0074  0.0135  0.0262  0.0454  0.0888  0.1707  0.3498  0.6678  1.0000
    15   biom      1.0421e+01 1.4154e-01   0.0957 -0.0188 -0.0121 -0.0112 -0.0008  0.0048  0.0108  0.0229  0.0358  0.0674  0.1182  0.2361  0.4531  0.6791  1.0000
    16   biom      1.0460e+01 1.0723e-01   0.1696 -0.0338 -0.0223 -0.0218 -0.0054  0.0022  0.0099  0.0239  0.0311  0.0544  0.0744  0.1362  0.2659  0.3999  0.5898  1.0000
    17   biomsd    9.7711e+00 1.0219e-01  -0.2005  1.0000  0.5223  0.2449  0.1136  0.0694  0.0392  0.0066 -0.0052 -0.0206 -0.0072  0.0024 -0.0055 -0.0114 -0.0188 -0.0338  1.0000
    18   biomsd    9.8136e+00 1.1657e-01  -0.1338  0.5223  1.0000  0.4502  0.2137  0.1363  0.0861  0.0378  0.0138 -0.0053 -0.0007  0.0036 -0.0026 -0.0069 -0.0121 -0.0223  0.5223  1.0000
    19   biomsd    9.8561e+00 7.9926e-02  -0.1338  0.2449  0.4502  1.0000  0.4780  0.3090  0.2009  0.1017  0.0468  0.0109  0.0072  0.0074 -0.0006 -0.0056 -0.0112 -0.0218  0.2449  0.4502  1.0000
    20   biomsd    9.9297e+00 1.3072e-01  -0.0435  0.1136  0.2137  0.4780  1.0000  0.6520  0.4322  0.2375  0.1208  0.0553  0.0277  0.0146  0.0062  0.0024 -0.0008 -0.0054  0.1136  0.2137  0.4780  1.0000
    21   biomsd    1.0003e+01 1.4578e-01  -0.0047  0.0694  0.1363  0.3090  0.6520  1.0000  0.6650  0.3701  0.1910  0.0932  0.0457  0.0221  0.0114  0.0074  0.0048  0.0022  0.0694  0.1363  0.3090  0.6520  1.0000
    22   biomsd    1.0077e+01 1.3738e-01   0.0315  0.0392  0.0861  0.2009  0.4322  0.6650  1.0000  0.5595  0.2903  0.1452  0.0706  0.0330  0.0184  0.0135  0.0108  0.0099  0.0392  0.0861  0.2009  0.4322  0.6650  1.0000
    23   biomsd    1.0151e+01 9.9775e-02   0.0935  0.0066  0.0378  0.1017  0.2375  0.3701  0.5595  1.0000  0.5205  0.2636  0.1277  0.0585  0.0339  0.0262  0.0229  0.0239  0.0066  0.0378  0.1017  0.2375  0.3701  0.5595  1.0000
    24   biomsd    1.0206e+01 1.1929e-01   0.0913 -0.0052  0.0138  0.0468  0.1208  0.1910  0.2903  0.5205  1.0000  0.4984  0.2426  0.1138  0.0628  0.0454  0.0358  0.0311 -0.0052  0.0138  0.0468  0.1208  0.1910  0.2903  0.5205  1.0000
    25   biomsd    1.0260e+01 9.2616e-02   0.1345 -0.0206 -0.0053  0.0109  0.0553  0.0932  0.1452  0.2636  0.4984  1.0000  0.4875  0.2300  0.1253  0.0888  0.0674  0.0544 -0.0206 -0.0053  0.0109  0.0553  0.0932  0.1452  0.2636  0.4984  1.0000
    26   biomsd    1.0283e+01 1.1620e-01   0.0518 -0.0072 -0.0007  0.0072  0.0277  0.0457  0.0706  0.1277  0.2426  0.4875  1.0000  0.4785  0.2530  0.1707  0.1182  0.0744 -0.0072 -0.0007  0.0072  0.0277  0.0457  0.0706  0.1277  0.2426  0.4875  1.0000
    27   biomsd    1.0305e+01 8.9894e-02  -0.0047  0.0024  0.0036  0.0074  0.0146  0.0221  0.0330  0.0585  0.1138  0.2300  0.4785  1.0000  0.5250  0.3498  0.2361  0.1362  0.0024  0.0036  0.0074  0.0146  0.0221  0.0330  0.0585  0.1138  0.2300  0.4785  1.0000
    28   biomsd    1.0344e+01 1.3537e-01   0.0313 -0.0055 -0.0026 -0.0006  0.0062  0.0114  0.0184  0.0339  0.0628  0.1253  0.2530  0.5250  1.0000  0.6678  0.4531  0.2659 -0.0055 -0.0026 -0.0006  0.0062  0.0114  0.0184  0.0339  0.0628  0.1253  0.2530  0.5250  1.0000
    29   biomsd    1.0382e+01 1.4937e-01   0.0595 -0.0114 -0.0069 -0.0056  0.0024  0.0074  0.0135  0.0262  0.0454  0.0888  0.1707  0.3498  0.6678  1.0000  0.6791  0.3999 -0.0114 -0.0069 -0.0056  0.0024  0.0074  0.0135  0.0262  0.0454  0.0888  0.1707  0.3498  0.6678  1.0000
    30   biomsd    1.0421e+01 1.4154e-01   0.0957 -0.0188 -0.0121 -0.0112 -0.0008  0.0048  0.0108  0.0229  0.0358  0.0674  0.1182  0.2361  0.4531  0.6791  1.0000  0.5898 -0.0188 -0.0121 -0.0112 -0.0008  0.0048  0.0108  0.0229  0.0358  0.0674  0.1182  0.2361  0.4531  0.6791  1.0000
    31   biomsd    1.0460e+01 1.0723e-01   0.1696 -0.0338 -0.0223 -0.0218 -0.0054  0.0022  0.0099  0.0239  0.0311  0.0544  0.0744  0.1362  0.2659  0.3999  0.5898  1.0000 -0.0338 -0.0223 -0.0218 -0.0054  0.0022  0.0099  0.0239  0.0311  0.0544  0.0744  0.1362  0.2659  0.3999  0.5898  1.0000
    32   biomA     1.7520e+04 1.7905e+03  -0.2005  1.0000  0.5223  0.2449  0.1136  0.0694  0.0392  0.0066 -0.0052 -0.0206 -0.0072  0.0024 -0.0055 -0.0114 -0.0188 -0.0338  1.0000  0.5223  0.2449  0.1136  0.0694  0.0392  0.0066 -0.0052 -0.0206 -0.0072  0.0024 -0.0055 -0.0114 -0.0188 -0.0338  1.0000
    33   biomA     1.8281e+04 2.1309e+03  -0.1338  0.5223  1.0000  0.4502  0.2137  0.1363  0.0861  0.0378  0.0138 -0.0053 -0.0007  0.0036 -0.0026 -0.0069 -0.0121 -0.0223  0.5223  1.0000  0.4502  0.2137  0.1363  0.0861  0.0378  0.0138 -0.0053 -0.0007  0.0036 -0.0026 -0.0069 -0.0121 -0.0223  0.5223  1.0000
    34   biomA     1.9074e+04 1.5245e+03  -0.1338  0.2449  0.4502  1.0000  0.4780  0.3090  0.2009  0.1017  0.0468  0.0109  0.0072  0.0074 -0.0006 -0.0056 -0.0112 -0.0218  0.2449  0.4502  1.0000  0.4780  0.3090  0.2009  0.1017  0.0468  0.0109  0.0072  0.0074 -0.0006 -0.0056 -0.0112 -0.0218  0.2449  0.4502  1.0000
    35   biomA     2.0532e+04 2.6840e+03  -0.0435  0.1136  0.2137  0.4780  1.0000  0.6520  0.4322  0.2375  0.1208  0.0553  0.0277  0.0146  0.0062  0.0024 -0.0008 -0.0054  0.1136  0.2137  0.4780  1.0000  0.6520  0.4322  0.2375  0.1208  0.0553  0.0277  0.0146  0.0062  0.0024 -0.0008 -0.0054  0.1136  0.2137  0.4780  1.0000
    36   biomA     2.2101e+04 3.2218e+03  -0.0047  0.0694  0.1363  0.3090  0.6520  1.0000  0.6650  0.3701  0.1910  0.0932  0.0457  0.0221  0.0114  0.0074  0.0048  0.0022  0.0694  0.1363  0.3090  0.6520  1.0000  0.6650  0.3701  0.1910  0.0932  0.0457  0.0221  0.0114  0.0074  0.0048  0.0022  0.0694  0.1363  0.3090  0.6520  1.0000
    37   biomA     2.3790e+04 3.2683e+03   0.0315  0.0392  0.0861  0.2009  0.4322  0.6650  1.0000  0.5595  0.2903  0.1452  0.0706  0.0330  0.0184  0.0135  0.0108  0.0099  0.0392  0.0861  0.2009  0.4322  0.6650  1.0000  0.5595  0.2903  0.1452  0.0706  0.0330  0.0184  0.0135  0.0108  0.0099  0.0392  0.0861  0.2009  0.4322  0.6650  1.0000
    38   biomA     2.5609e+04 2.5551e+03   0.0935  0.0066  0.0378  0.1017  0.2375  0.3701  0.5595  1.0000  0.5205  0.2636  0.1277  0.0585  0.0339  0.0262  0.0229  0.0239  0.0066  0.0378  0.1017  0.2375  0.3701  0.5595  1.0000  0.5205  0.2636  0.1277  0.0585  0.0339  0.0262  0.0229  0.0239  0.0066  0.0378  0.1017  0.2375  0.3701  0.5595  1.0000
    39   biomA     2.7053e+04 3.2272e+03   0.0913 -0.0052  0.0138  0.0468  0.1208  0.1910  0.2903  0.5205  1.0000  0.4984  0.2426  0.1138  0.0628  0.0454  0.0358  0.0311 -0.0052  0.0138  0.0468  0.1208  0.1910  0.2903  0.5205  1.0000  0.4984  0.2426  0.1138  0.0628  0.0454  0.0358  0.0311 -0.0052  0.0138  0.0468  0.1208  0.1910  0.2903  0.5205  1.0000
    40   biomA     2.8578e+04 2.6468e+03   0.1345 -0.0206 -0.0053  0.0109  0.0553  0.0932  0.1452  0.2636  0.4984  1.0000  0.4875  0.2300  0.1253  0.0888  0.0674  0.0544 -0.0206 -0.0053  0.0109  0.0553  0.0932  0.1452  0.2636  0.4984  1.0000  0.4875  0.2300  0.1253  0.0888  0.0674  0.0544 -0.0206 -0.0053  0.0109  0.0553  0.0932  0.1452  0.2636  0.4984  1.0000
    41   biomA     2.9226e+04 3.3960e+03   0.0518 -0.0072 -0.0007  0.0072  0.0277  0.0457  0.0706  0.1277  0.2426  0.4875  1.0000  0.4785  0.2530  0.1707  0.1182  0.0744 -0.0072 -0.0007  0.0072  0.0277  0.0457  0.0706  0.1277  0.2426  0.4875  1.0000  0.4785  0.2530  0.1707  0.1182  0.0744 -0.0072 -0.0007  0.0072  0.0277  0.0457  0.0706  0.1277  0.2426  0.4875  1.0000
    42   biomA     2.9889e+04 2.6868e+03  -0.0047  0.0024  0.0036  0.0074  0.0146  0.0221  0.0330  0.0585  0.1138  0.2300  0.4785  1.0000  0.5250  0.3498  0.2361  0.1362  0.0024  0.0036  0.0074  0.0146  0.0221  0.0330  0.0585  0.1138  0.2300  0.4785  1.0000  0.5250  0.3498  0.2361  0.1362  0.0024  0.0036  0.0074  0.0146  0.0221  0.0330  0.0585  0.1138  0.2300  0.4785  1.0000
    43   biomA     3.1065e+04 4.2054e+03   0.0313 -0.0055 -0.0026 -0.0006  0.0062  0.0114  0.0184  0.0339  0.0628  0.1253  0.2530  0.5250  1.0000  0.6678  0.4531  0.2659 -0.0055 -0.0026 -0.0006  0.0062  0.0114  0.0184  0.0339  0.0628  0.1253  0.2530  0.5250  1.0000  0.6678  0.4531  0.2659 -0.0055 -0.0026 -0.0006  0.0062  0.0114  0.0184  0.0339  0.0628  0.1253  0.2530  0.5250  1.0000
    44   biomA     3.2288e+04 4.8228e+03   0.0595 -0.0114 -0.0069 -0.0056  0.0024  0.0074  0.0135  0.0262  0.0454  0.0888  0.1707  0.3498  0.6678  1.0000  0.6791  0.3999 -0.0114 -0.0069 -0.0056  0.0024  0.0074  0.0135  0.0262  0.0454  0.0888  0.1707  0.3498  0.6678  1.0000  0.6791  0.3999 -0.0114 -0.0069 -0.0056  0.0024  0.0074  0.0135  0.0262  0.0454  0.0888  0.1707  0.3498  0.6678  1.0000
    45   biomA     3.3559e+04 4.7501e+03   0.0957 -0.0188 -0.0121 -0.0112 -0.0008  0.0048  0.0108  0.0229  0.0358  0.0674  0.1182  0.2361  0.4531  0.6791  1.0000  0.5898 -0.0188 -0.0121 -0.0112 -0.0008  0.0048  0.0108  0.0229  0.0358  0.0674  0.1182  0.2361  0.4531  0.6791  1.0000  0.5898 -0.0188 -0.0121 -0.0112 -0.0008  0.0048  0.0108  0.0229  0.0358  0.0674  0.1182  0.2361  0.4531  0.6791  1.0000
    46   biomA     3.4880e+04 3.7403e+03   0.1696 -0.0338 -0.0223 -0.0218 -0.0054  0.0022  0.0099  0.0239  0.0311  0.0544  0.0744  0.1362  0.2659  0.3999  0.5898  1.0000 -0.0338 -0.0223 -0.0218 -0.0054  0.0022  0.0099  0.0239  0.0311  0.0544  0.0744  0.1362  0.2659  0.3999  0.5898  1.0000 -0.0338 -0.0223 -0.0218 -0.0054  0.0022  0.0099  0.0239  0.0311  0.0544  0.0744  0.1362  0.2659  0.3999  0.5898  1.0000
