 The logarithm of the determinant of the hessian = 2.36815
 index   name       value      std.dev       1       2       3       4       5       6       7       8       9      10      11      12      13      14      15      16      17      18      19      20      21      22      23      24      25      26      27      28      29      30      31      32      33      34      35      36      37      38      39      40      41      42      43      44      45      46      47      48      49      50      51      52      53      54      55      56      57      58      59      60      61      62      63      64      65      66      67      68      69      70      71      72      73      74      75      76      77      78      79   
     1   logSdLam -2.0733e+00 3.0603e-01   1.0000
     2   biom      8.7877e+00 4.1744e-01  -0.0996  1.0000
     3   biom      8.7877e+00 3.9805e-01  -0.1044  0.9536  1.0000
     4   biom      8.7877e+00 3.7766e-01  -0.1101  0.9047  0.9488  1.0000
     5   biom      8.7877e+00 3.5612e-01  -0.1167  0.8531  0.8947  0.9429  1.0000
     6   biom      8.7877e+00 3.3318e-01  -0.1248  0.7982  0.8370  0.8822  0.9356  1.0000
     7   biom      8.7877e+00 3.0854e-01  -0.1347  0.7391  0.7751  0.8170  0.8664  0.9260  1.0000
     8   biom      8.7877e+00 2.8175e-01  -0.1475  0.6750  0.7078  0.7460  0.7912  0.8457  0.9132  1.0000
     9   biom      8.7877e+00 2.5214e-01  -0.1649  0.6040  0.6334  0.6676  0.7080  0.7568  0.8172  0.8949  1.0000
    10   biom      8.7877e+00 2.1855e-01  -0.1902  0.5236  0.5491  0.5787  0.6137  0.6560  0.7083  0.7757  0.8668  1.0000
    11   biom      8.7877e+00 1.7875e-01  -0.2325  0.4282  0.4491  0.4733  0.5019  0.5365  0.5794  0.6344  0.7089  0.8179  1.0000
    12   biom      8.8056e+00 1.7695e-01  -0.2397  0.3351  0.3514  0.3704  0.3928  0.4198  0.4534  0.4965  0.5548  0.6401  0.7826  1.0000
    13   biom      8.8235e+00 1.6299e-01  -0.2655  0.2580  0.2705  0.2851  0.3024  0.3232  0.3490  0.3822  0.4271  0.4927  0.6024  0.7648  1.0000
    14   biom      8.8413e+00 1.3309e-01  -0.3316  0.1863  0.1954  0.2059  0.2184  0.2334  0.2521  0.2760  0.3085  0.3559  0.4351  0.5437  0.7035  1.0000
    15   biom      8.9227e+00 1.5080e-01  -0.2227  0.1267  0.1328  0.1400  0.1485  0.1587  0.1714  0.1877  0.2097  0.2419  0.2958  0.3698  0.4786  0.6805  1.0000
    16   biom      9.0040e+00 1.4975e-01  -0.1539  0.0895  0.0939  0.0989  0.1049  0.1122  0.1211  0.1326  0.1482  0.1710  0.2090  0.2616  0.3387  0.4818  0.7091  1.0000
    17   biom      9.0853e+00 1.2949e-01  -0.0966  0.0595  0.0624  0.0658  0.0698  0.0746  0.0806  0.0882  0.0986  0.1137  0.1390  0.1743  0.2261  0.3219  0.4756  0.6718  1.0000
    18   biom      9.1628e+00 1.4859e-01  -0.0700  0.0404  0.0424  0.0447  0.0474  0.0506  0.0547  0.0599  0.0669  0.0772  0.0944  0.1181  0.1528  0.2174  0.3198  0.4509  0.6704  1.0000
    19   biom      9.2403e+00 1.4787e-01  -0.0562  0.0291  0.0305  0.0322  0.0341  0.0364  0.0394  0.0431  0.0482  0.0556  0.0679  0.0846  0.1092  0.1550  0.2262  0.3179  0.4717  0.7031  1.0000
    20   biom      9.3178e+00 1.2699e-01  -0.0488  0.0205  0.0215  0.0226  0.0240  0.0256  0.0277  0.0303  0.0339  0.0391  0.0478  0.0589  0.0756  0.1067  0.1527  0.2127  0.3141  0.4674  0.6642  1.0000
    21   biom      9.4161e+00 1.3904e-01   0.0410  0.0060  0.0063  0.0066  0.0070  0.0075  0.0081  0.0089  0.0100  0.0115  0.0140  0.0207  0.0296  0.0450  0.0827  0.1266  0.1964  0.2976  0.4261  0.6441  1.0000
    22   biom      9.5143e+00 1.2785e-01   0.1378 -0.0072 -0.0076 -0.0080 -0.0085 -0.0091 -0.0098 -0.0107 -0.0120 -0.0138 -0.0169 -0.0134 -0.0106 -0.0081  0.0282  0.0640  0.1152  0.1830  0.2670  0.4076  0.6459  1.0000
    23   biom      9.5932e+00 1.3867e-01   0.1768 -0.0135 -0.0141 -0.0149 -0.0158 -0.0169 -0.0182 -0.0200 -0.0223 -0.0257 -0.0315 -0.0299 -0.0304 -0.0346 -0.0018  0.0272  0.0649  0.1106  0.1654  0.2558  0.4159  0.6505  1.0000
    24   biom      9.6721e+00 1.2455e-01   0.2524 -0.0226 -0.0237 -0.0250 -0.0265 -0.0283 -0.0305 -0.0334 -0.0374 -0.0431 -0.0527 -0.0528 -0.0567 -0.0688 -0.0330 -0.0052  0.0263  0.0584  0.0942  0.1512  0.2630  0.4219  0.6436  1.0000
    25   biom      9.7120e+00 1.2998e-01   0.2180 -0.0201 -0.0211 -0.0223 -0.0236 -0.0252 -0.0272 -0.0298 -0.0333 -0.0385 -0.0470 -0.0475 -0.0516 -0.0632 -0.0343 -0.0129  0.0101  0.0314  0.0543  0.0897  0.1640  0.2677  0.4063  0.6298  1.0000
    26   biom      9.7518e+00 1.0337e-01   0.2441 -0.0234 -0.0246 -0.0259 -0.0275 -0.0294 -0.0317 -0.0347 -0.0388 -0.0448 -0.0547 -0.0559 -0.0613 -0.0759 -0.0465 -0.0262 -0.0064  0.0087  0.0230  0.0435  0.0957  0.1649  0.2462  0.3791  0.5792  1.0000
    27   biom      9.7491e+00 1.4027e-01   0.1659 -0.0160 -0.0168 -0.0177 -0.0188 -0.0201 -0.0217 -0.0237 -0.0265 -0.0306 -0.0374 -0.0382 -0.0420 -0.0520 -0.0323 -0.0188 -0.0059  0.0036  0.0124  0.0246  0.0574  0.1004  0.1493  0.2294  0.3469  0.5961  1.0000
    28   biom      9.7463e+00 1.5230e-01   0.1399 -0.0136 -0.0142 -0.0150 -0.0159 -0.0170 -0.0184 -0.0201 -0.0225 -0.0259 -0.0317 -0.0325 -0.0357 -0.0443 -0.0279 -0.0169 -0.0065  0.0008  0.0072  0.0159  0.0408  0.0730  0.1079  0.1653  0.2459  0.4193  0.6974  1.0000
    29   biom      9.7436e+00 1.4574e-01   0.1327 -0.0130 -0.0136 -0.0143 -0.0152 -0.0162 -0.0175 -0.0192 -0.0215 -0.0248 -0.0303 -0.0310 -0.0342 -0.0425 -0.0273 -0.0171 -0.0079 -0.0019  0.0031  0.0094  0.0301  0.0560  0.0818  0.1247  0.1801  0.3026  0.4950  0.7064  1.0000
    30   biom      9.7408e+00 1.1753e-01   0.1478 -0.0146 -0.0153 -0.0161 -0.0171 -0.0182 -0.0197 -0.0216 -0.0241 -0.0278 -0.0340 -0.0349 -0.0386 -0.0481 -0.0315 -0.0207 -0.0111 -0.0057 -0.0016  0.0029  0.0216  0.0442  0.0631  0.0950  0.1279  0.2071  0.3240  0.4562  0.6416  1.0000
    31   biom      9.6994e+00 1.2918e-01   0.0205 -0.0019 -0.0020 -0.0022 -0.0023 -0.0024 -0.0026 -0.0029 -0.0032 -0.0037 -0.0045 -0.0046 -0.0051 -0.0062 -0.0037 -0.0019 -0.0001  0.0014  0.0029  0.0052  0.0104  0.0174  0.0262  0.0404  0.0629  0.1094  0.1861  0.2686  0.3822  0.5999  1.0000
    32   biom      9.6579e+00 1.1184e-01  -0.1078  0.0108  0.0113  0.0119  0.0127  0.0135  0.0146  0.0160  0.0179  0.0206  0.0252  0.0260  0.0289  0.0361  0.0245  0.0173  0.0115  0.0092  0.0085  0.0089  0.0012 -0.0063 -0.0058 -0.0065  0.0108  0.0350  0.0895  0.1411  0.2087  0.3348  0.5852  1.0000
    33   biom      9.6721e+00 1.3470e-01  -0.0083  0.0009  0.0009  0.0010  0.0010  0.0011  0.0012  0.0013  0.0014  0.0016  0.0020  0.0021  0.0023  0.0030  0.0022  0.0017  0.0015  0.0016  0.0019  0.0026  0.0030  0.0040  0.0066  0.0105  0.0190  0.0352  0.0637  0.0935  0.1341  0.2115  0.3560  0.6003  1.0000
    34   biom      9.6863e+00 1.3151e-01   0.0747 -0.0074 -0.0078 -0.0082 -0.0087 -0.0093 -0.0100 -0.0110 -0.0123 -0.0142 -0.0173 -0.0178 -0.0197 -0.0246 -0.0164 -0.0112 -0.0068 -0.0046 -0.0033 -0.0022  0.0053  0.0136  0.0184  0.0270  0.0297  0.0423  0.0545  0.0716  0.0973  0.1485  0.2317  0.3793  0.6456  1.0000
    35   biom      9.6760e+00 1.3807e-01   0.0612 -0.0061 -0.0064 -0.0067 -0.0071 -0.0076 -0.0082 -0.0090 -0.0101 -0.0116 -0.0142 -0.0146 -0.0162 -0.0202 -0.0135 -0.0092 -0.0056 -0.0039 -0.0028 -0.0021  0.0039  0.0106  0.0142  0.0208  0.0221  0.0307  0.0377  0.0486  0.0653  0.0990  0.1520  0.2470  0.4225  0.6556  1.0000
    36   biom      9.6658e+00 1.1963e-01   0.0591 -0.0059 -0.0062 -0.0065 -0.0069 -0.0074 -0.0080 -0.0087 -0.0097 -0.0112 -0.0137 -0.0141 -0.0157 -0.0195 -0.0131 -0.0090 -0.0055 -0.0039 -0.0029 -0.0023  0.0033  0.0095  0.0126  0.0183  0.0184  0.0243  0.0271  0.0335  0.0438  0.0653  0.0960  0.1531  0.2656  0.4140  0.6304  1.0000
    37   biom      9.6262e+00 1.4466e-01  -0.0544  0.0054  0.0057  0.0060  0.0064  0.0068  0.0073  0.0080  0.0090  0.0104  0.0127  0.0131  0.0145  0.0181  0.0122  0.0085  0.0054  0.0040  0.0033  0.0030 -0.0017 -0.0066 -0.0083 -0.0116 -0.0083 -0.0069  0.0021  0.0086  0.0159  0.0283  0.0597  0.1083  0.1713  0.2588  0.3990  0.6364  1.0000
    38   biom      9.5867e+00 1.4947e-01  -0.1527  0.0152  0.0159  0.0168  0.0178  0.0191  0.0206  0.0225  0.0252  0.0290  0.0355  0.0366  0.0405  0.0506  0.0340  0.0235  0.0148  0.0108  0.0087  0.0077 -0.0059 -0.0204 -0.0261 -0.0370 -0.0308 -0.0329 -0.0177 -0.0102 -0.0043  0.0025  0.0388  0.0870  0.1189  0.1697  0.2678  0.4316  0.6951  1.0000
    39   biom      9.5867e+00 1.9532e-01  -0.1168  0.0116  0.0122  0.0129  0.0136  0.0146  0.0157  0.0172  0.0193  0.0222  0.0272  0.0280  0.0310  0.0387  0.0260  0.0180  0.0113  0.0083  0.0067  0.0059 -0.0045 -0.0156 -0.0199 -0.0283 -0.0236 -0.0252 -0.0135 -0.0078 -0.0033  0.0019  0.0297  0.0666  0.0910  0.1298  0.2049  0.3302  0.5319  0.7652  1.0000
    40   biom      9.5867e+00 2.3230e-01  -0.0982  0.0098  0.0103  0.0108  0.0115  0.0123  0.0132  0.0145  0.0162  0.0187  0.0228  0.0236  0.0261  0.0326  0.0219  0.0152  0.0095  0.0070  0.0056  0.0050 -0.0038 -0.0131 -0.0168 -0.0238 -0.0198 -0.0212 -0.0114 -0.0066 -0.0028  0.0016  0.0250  0.0560  0.0765  0.1092  0.1723  0.2777  0.4472  0.6434  0.8408  1.0000
    41   biomsd    8.7877e+00 4.1744e-01  -0.0996  1.0000  0.9536  0.9047  0.8531  0.7982  0.7391  0.6750  0.6040  0.5236  0.4282  0.3351  0.2580  0.1863  0.1267  0.0895  0.0595  0.0404  0.0291  0.0205  0.0060 -0.0072 -0.0135 -0.0226 -0.0201 -0.0234 -0.0160 -0.0136 -0.0130 -0.0146 -0.0019  0.0108  0.0009 -0.0074 -0.0061 -0.0059  0.0054  0.0152  0.0116  0.0098  1.0000
    42   biomsd    8.7877e+00 3.9805e-01  -0.1044  0.9536  1.0000  0.9488  0.8947  0.8370  0.7751  0.7078  0.6334  0.5491  0.4491  0.3514  0.2705  0.1954  0.1328  0.0939  0.0624  0.0424  0.0305  0.0215  0.0063 -0.0076 -0.0141 -0.0237 -0.0211 -0.0246 -0.0168 -0.0142 -0.0136 -0.0153 -0.0020  0.0113  0.0009 -0.0078 -0.0064 -0.0062  0.0057  0.0159  0.0122  0.0103  0.9536  1.0000
    43   biomsd    8.7877e+00 3.7766e-01  -0.1101  0.9047  0.9488  1.0000  0.9429  0.8822  0.8170  0.7460  0.6676  0.5787  0.4733  0.3704  0.2851  0.2059  0.1400  0.0989  0.0658  0.0447  0.0322  0.0226  0.0066 -0.0080 -0.0149 -0.0250 -0.0223 -0.0259 -0.0177 -0.0150 -0.0143 -0.0161 -0.0022  0.0119  0.0010 -0.0082 -0.0067 -0.0065  0.0060  0.0168  0.0129  0.0108  0.9047  0.9488  1.0000
    44   biomsd    8.7877e+00 3.5612e-01  -0.1167  0.8531  0.8947  0.9429  1.0000  0.9356  0.8664  0.7912  0.7080  0.6137  0.5019  0.3928  0.3024  0.2184  0.1485  0.1049  0.0698  0.0474  0.0341  0.0240  0.0070 -0.0085 -0.0158 -0.0265 -0.0236 -0.0275 -0.0188 -0.0159 -0.0152 -0.0171 -0.0023  0.0127  0.0010 -0.0087 -0.0071 -0.0069  0.0064  0.0178  0.0136  0.0115  0.8531  0.8947  0.9429  1.0000
    45   biomsd    8.7877e+00 3.3318e-01  -0.1248  0.7982  0.8370  0.8822  0.9356  1.0000  0.9260  0.8457  0.7568  0.6560  0.5365  0.4198  0.3232  0.2334  0.1587  0.1122  0.0746  0.0506  0.0364  0.0256  0.0075 -0.0091 -0.0169 -0.0283 -0.0252 -0.0294 -0.0201 -0.0170 -0.0162 -0.0182 -0.0024  0.0135  0.0011 -0.0093 -0.0076 -0.0074  0.0068  0.0191  0.0146  0.0123  0.7982  0.8370  0.8822  0.9356  1.0000
    46   biomsd    8.7877e+00 3.0854e-01  -0.1347  0.7391  0.7751  0.8170  0.8664  0.9260  1.0000  0.9132  0.8172  0.7083  0.5794  0.4534  0.3490  0.2521  0.1714  0.1211  0.0806  0.0547  0.0394  0.0277  0.0081 -0.0098 -0.0182 -0.0305 -0.0272 -0.0317 -0.0217 -0.0184 -0.0175 -0.0197 -0.0026  0.0146  0.0012 -0.0100 -0.0082 -0.0080  0.0073  0.0206  0.0157  0.0132  0.7391  0.7751  0.8170  0.8664  0.9260  1.0000
    47   biomsd    8.7877e+00 2.8175e-01  -0.1475  0.6750  0.7078  0.7460  0.7912  0.8457  0.9132  1.0000  0.8949  0.7757  0.6344  0.4965  0.3822  0.2760  0.1877  0.1326  0.0882  0.0599  0.0431  0.0303  0.0089 -0.0107 -0.0200 -0.0334 -0.0298 -0.0347 -0.0237 -0.0201 -0.0192 -0.0216 -0.0029  0.0160  0.0013 -0.0110 -0.0090 -0.0087  0.0080  0.0225  0.0172  0.0145  0.6750  0.7078  0.7460  0.7912  0.8457  0.9132  1.0000
    48   biomsd    8.7877e+00 2.5214e-01  -0.1649  0.6040  0.6334  0.6676  0.7080  0.7568  0.8172  0.8949  1.0000  0.8668  0.7089  0.5548  0.4271  0.3085  0.2097  0.1482  0.0986  0.0669  0.0482  0.0339  0.0100 -0.0120 -0.0223 -0.0374 -0.0333 -0.0388 -0.0265 -0.0225 -0.0215 -0.0241 -0.0032  0.0179  0.0014 -0.0123 -0.0101 -0.0097  0.0090  0.0252  0.0193  0.0162  0.6040  0.6334  0.6676  0.7080  0.7568  0.8172  0.8949  1.0000
    49   biomsd    8.7877e+00 2.1855e-01  -0.1902  0.5236  0.5491  0.5787  0.6137  0.6560  0.7083  0.7757  0.8668  1.0000  0.8179  0.6401  0.4927  0.3559  0.2419  0.1710  0.1137  0.0772  0.0556  0.0391  0.0115 -0.0138 -0.0257 -0.0431 -0.0385 -0.0448 -0.0306 -0.0259 -0.0248 -0.0278 -0.0037  0.0206  0.0016 -0.0142 -0.0116 -0.0112  0.0104  0.0290  0.0222  0.0187  0.5236  0.5491  0.5787  0.6137  0.6560  0.7083  0.7757  0.8668  1.0000
    50   biomsd    8.7877e+00 1.7875e-01  -0.2325  0.4282  0.4491  0.4733  0.5019  0.5365  0.5794  0.6344  0.7089  0.8179  1.0000  0.7826  0.6024  0.4351  0.2958  0.2090  0.1390  0.0944  0.0679  0.0478  0.0140 -0.0169 -0.0315 -0.0527 -0.0470 -0.0547 -0.0374 -0.0317 -0.0303 -0.0340 -0.0045  0.0252  0.0020 -0.0173 -0.0142 -0.0137  0.0127  0.0355  0.0272  0.0228  0.4282  0.4491  0.4733  0.5019  0.5365  0.5794  0.6344  0.7089  0.8179  1.0000
    51   biomsd    8.8056e+00 1.7695e-01  -0.2397  0.3351  0.3514  0.3704  0.3928  0.4198  0.4534  0.4965  0.5548  0.6401  0.7826  1.0000  0.7648  0.5437  0.3698  0.2616  0.1743  0.1181  0.0846  0.0589  0.0207 -0.0134 -0.0299 -0.0528 -0.0475 -0.0559 -0.0382 -0.0325 -0.0310 -0.0349 -0.0046  0.0260  0.0021 -0.0178 -0.0146 -0.0141  0.0131  0.0366  0.0280  0.0236  0.3351  0.3514  0.3704  0.3928  0.4198  0.4534  0.4965  0.5548  0.6401  0.7826  1.0000
    52   biomsd    8.8235e+00 1.6299e-01  -0.2655  0.2580  0.2705  0.2851  0.3024  0.3232  0.3490  0.3822  0.4271  0.4927  0.6024  0.7648  1.0000  0.7035  0.4786  0.3387  0.2261  0.1528  0.1092  0.0756  0.0296 -0.0106 -0.0304 -0.0567 -0.0516 -0.0613 -0.0420 -0.0357 -0.0342 -0.0386 -0.0051  0.0289  0.0023 -0.0197 -0.0162 -0.0157  0.0145  0.0405  0.0310  0.0261  0.2580  0.2705  0.2851  0.3024  0.3232  0.3490  0.3822  0.4271  0.4927  0.6024  0.7648  1.0000
    53   biomsd    8.8413e+00 1.3309e-01  -0.3316  0.1863  0.1954  0.2059  0.2184  0.2334  0.2521  0.2760  0.3085  0.3559  0.4351  0.5437  0.7035  1.0000  0.6805  0.4818  0.3219  0.2174  0.1550  0.1067  0.0450 -0.0081 -0.0346 -0.0688 -0.0632 -0.0759 -0.0520 -0.0443 -0.0425 -0.0481 -0.0062  0.0361  0.0030 -0.0246 -0.0202 -0.0195  0.0181  0.0506  0.0387  0.0326  0.1863  0.1954  0.2059  0.2184  0.2334  0.2521  0.2760  0.3085  0.3559  0.4351  0.5437  0.7035  1.0000
    54   biomsd    8.9227e+00 1.5080e-01  -0.2227  0.1267  0.1328  0.1400  0.1485  0.1587  0.1714  0.1877  0.2097  0.2419  0.2958  0.3698  0.4786  0.6805  1.0000  0.7091  0.4756  0.3198  0.2262  0.1527  0.0827  0.0282 -0.0018 -0.0330 -0.0343 -0.0465 -0.0323 -0.0279 -0.0273 -0.0315 -0.0037  0.0245  0.0022 -0.0164 -0.0135 -0.0131  0.0122  0.0340  0.0260  0.0219  0.1267  0.1328  0.1400  0.1485  0.1587  0.1714  0.1877  0.2097  0.2419  0.2958  0.3698  0.4786  0.6805  1.0000
    55   biomsd    9.0040e+00 1.4975e-01  -0.1539  0.0895  0.0939  0.0989  0.1049  0.1122  0.1211  0.1326  0.1482  0.1710  0.2090  0.2616  0.3387  0.4818  0.7091  1.0000  0.6718  0.4509  0.3179  0.2127  0.1266  0.0640  0.0272 -0.0052 -0.0129 -0.0262 -0.0188 -0.0169 -0.0171 -0.0207 -0.0019  0.0173  0.0017 -0.0112 -0.0092 -0.0090  0.0085  0.0235  0.0180  0.0152  0.0895  0.0939  0.0989  0.1049  0.1122  0.1211  0.1326  0.1482  0.1710  0.2090  0.2616  0.3387  0.4818  0.7091  1.0000
    56   biomsd    9.0853e+00 1.2949e-01  -0.0966  0.0595  0.0624  0.0658  0.0698  0.0746  0.0806  0.0882  0.0986  0.1137  0.1390  0.1743  0.2261  0.3219  0.4756  0.6718  1.0000  0.6704  0.4717  0.3141  0.1964  0.1152  0.0649  0.0263  0.0101 -0.0064 -0.0059 -0.0065 -0.0079 -0.0111 -0.0001  0.0115  0.0015 -0.0068 -0.0056 -0.0055  0.0054  0.0148  0.0113  0.0095  0.0595  0.0624  0.0658  0.0698  0.0746  0.0806  0.0882  0.0986  0.1137  0.1390  0.1743  0.2261  0.3219  0.4756  0.6718  1.0000
    57   biomsd    9.1628e+00 1.4859e-01  -0.0700  0.0404  0.0424  0.0447  0.0474  0.0506  0.0547  0.0599  0.0669  0.0772  0.0944  0.1181  0.1528  0.2174  0.3198  0.4509  0.6704  1.0000  0.7031  0.4674  0.2976  0.1830  0.1106  0.0584  0.0314  0.0087  0.0036  0.0008 -0.0019 -0.0057  0.0014  0.0092  0.0016 -0.0046 -0.0039 -0.0039  0.0040  0.0108  0.0083  0.0070  0.0404  0.0424  0.0447  0.0474  0.0506  0.0547  0.0599  0.0669  0.0772  0.0944  0.1181  0.1528  0.2174  0.3198  0.4509  0.6704  1.0000
    58   biomsd    9.2403e+00 1.4787e-01  -0.0562  0.0291  0.0305  0.0322  0.0341  0.0364  0.0394  0.0431  0.0482  0.0556  0.0679  0.0846  0.1092  0.1550  0.2262  0.3179  0.4717  0.7031  1.0000  0.6642  0.4261  0.2670  0.1654  0.0942  0.0543  0.0230  0.0124  0.0072  0.0031 -0.0016  0.0029  0.0085  0.0019 -0.0033 -0.0028 -0.0029  0.0033  0.0087  0.0067  0.0056  0.0291  0.0305  0.0322  0.0341  0.0364  0.0394  0.0431  0.0482  0.0556  0.0679  0.0846  0.1092  0.1550  0.2262  0.3179  0.4717  0.7031  1.0000
    59   biomsd    9.3178e+00 1.2699e-01  -0.0488  0.0205  0.0215  0.0226  0.0240  0.0256  0.0277  0.0303  0.0339  0.0391  0.0478  0.0589  0.0756  0.1067  0.1527  0.2127  0.3141  0.4674  0.6642  1.0000  0.6441  0.4076  0.2558  0.1512  0.0897  0.0435  0.0246  0.0159  0.0094  0.0029  0.0052  0.0089  0.0026 -0.0022 -0.0021 -0.0023  0.0030  0.0077  0.0059  0.0050  0.0205  0.0215  0.0226  0.0240  0.0256  0.0277  0.0303  0.0339  0.0391  0.0478  0.0589  0.0756  0.1067  0.1527  0.2127  0.3141  0.4674  0.6642  1.0000
    60   biomsd    9.4161e+00 1.3904e-01   0.0410  0.0060  0.0063  0.0066  0.0070  0.0075  0.0081  0.0089  0.0100  0.0115  0.0140  0.0207  0.0296  0.0450  0.0827  0.1266  0.1964  0.2976  0.4261  0.6441  1.0000  0.6459  0.4159  0.2630  0.1640  0.0957  0.0574  0.0408  0.0301  0.0216  0.0104  0.0012  0.0030  0.0053  0.0039  0.0033 -0.0017 -0.0059 -0.0045 -0.0038  0.0060  0.0063  0.0066  0.0070  0.0075  0.0081  0.0089  0.0100  0.0115  0.0140  0.0207  0.0296  0.0450  0.0827  0.1266  0.1964  0.2976  0.4261  0.6441  1.0000
    61   biomsd    9.5143e+00 1.2785e-01   0.1378 -0.0072 -0.0076 -0.0080 -0.0085 -0.0091 -0.0098 -0.0107 -0.0120 -0.0138 -0.0169 -0.0134 -0.0106 -0.0081  0.0282  0.0640  0.1152  0.1830  0.2670  0.4076  0.6459  1.0000  0.6505  0.4219  0.2677  0.1649  0.1004  0.0730  0.0560  0.0442  0.0174 -0.0063  0.0040  0.0136  0.0106  0.0095 -0.0066 -0.0204 -0.0156 -0.0131 -0.0072 -0.0076 -0.0080 -0.0085 -0.0091 -0.0098 -0.0107 -0.0120 -0.0138 -0.0169 -0.0134 -0.0106 -0.0081  0.0282  0.0640  0.1152  0.1830  0.2670  0.4076  0.6459  1.0000
    62   biomsd    9.5932e+00 1.3867e-01   0.1768 -0.0135 -0.0141 -0.0149 -0.0158 -0.0169 -0.0182 -0.0200 -0.0223 -0.0257 -0.0315 -0.0299 -0.0304 -0.0346 -0.0018  0.0272  0.0649  0.1106  0.1654  0.2558  0.4159  0.6505  1.0000  0.6436  0.4063  0.2462  0.1493  0.1079  0.0818  0.0631  0.0262 -0.0058  0.0066  0.0184  0.0142  0.0126 -0.0083 -0.0261 -0.0199 -0.0168 -0.0135 -0.0141 -0.0149 -0.0158 -0.0169 -0.0182 -0.0200 -0.0223 -0.0257 -0.0315 -0.0299 -0.0304 -0.0346 -0.0018  0.0272  0.0649  0.1106  0.1654  0.2558  0.4159  0.6505  1.0000
    63   biomsd    9.6721e+00 1.2455e-01   0.2524 -0.0226 -0.0237 -0.0250 -0.0265 -0.0283 -0.0305 -0.0334 -0.0374 -0.0431 -0.0527 -0.0528 -0.0567 -0.0688 -0.0330 -0.0052  0.0263  0.0584  0.0942  0.1512  0.2630  0.4219  0.6436  1.0000  0.6298  0.3791  0.2294  0.1653  0.1247  0.0950  0.0404 -0.0065  0.0105  0.0270  0.0208  0.0183 -0.0116 -0.0370 -0.0283 -0.0238 -0.0226 -0.0237 -0.0250 -0.0265 -0.0283 -0.0305 -0.0334 -0.0374 -0.0431 -0.0527 -0.0528 -0.0567 -0.0688 -0.0330 -0.0052  0.0263  0.0584  0.0942  0.1512  0.2630  0.4219  0.6436  1.0000
    64   biomsd    9.7120e+00 1.2998e-01   0.2180 -0.0201 -0.0211 -0.0223 -0.0236 -0.0252 -0.0272 -0.0298 -0.0333 -0.0385 -0.0470 -0.0475 -0.0516 -0.0632 -0.0343 -0.0129  0.0101  0.0314  0.0543  0.0897  0.1640  0.2677  0.4063  0.6298  1.0000  0.5792  0.3469  0.2459  0.1801  0.1279  0.0629  0.0108  0.0190  0.0297  0.0221  0.0184 -0.0083 -0.0308 -0.0236 -0.0198 -0.0201 -0.0211 -0.0223 -0.0236 -0.0252 -0.0272 -0.0298 -0.0333 -0.0385 -0.0470 -0.0475 -0.0516 -0.0632 -0.0343 -0.0129  0.0101  0.0314  0.0543  0.0897  0.1640  0.2677  0.4063  0.6298  1.0000
    65   biomsd    9.7518e+00 1.0337e-01   0.2441 -0.0234 -0.0246 -0.0259 -0.0275 -0.0294 -0.0317 -0.0347 -0.0388 -0.0448 -0.0547 -0.0559 -0.0613 -0.0759 -0.0465 -0.0262 -0.0064  0.0087  0.0230  0.0435  0.0957  0.1649  0.2462  0.3791  0.5792  1.0000  0.5961  0.4193  0.3026  0.2071  0.1094  0.0350  0.0352  0.0423  0.0307  0.0243 -0.0069 -0.0329 -0.0252 -0.0212 -0.0234 -0.0246 -0.0259 -0.0275 -0.0294 -0.0317 -0.0347 -0.0388 -0.0448 -0.0547 -0.0559 -0.0613 -0.0759 -0.0465 -0.0262 -0.0064  0.0087  0.0230  0.0435  0.0957  0.1649  0.2462  0.3791  0.5792  1.0000
    66   biomsd    9.7491e+00 1.4027e-01   0.1659 -0.0160 -0.0168 -0.0177 -0.0188 -0.0201 -0.0217 -0.0237 -0.0265 -0.0306 -0.0374 -0.0382 -0.0420 -0.0520 -0.0323 -0.0188 -0.0059  0.0036  0.0124  0.0246  0.0574  0.1004  0.1493  0.2294  0.3469  0.5961  1.0000  0.6974  0.4950  0.3240  0.1861  0.0895  0.0637  0.0545  0.0377  0.0271  0.0021 -0.0177 -0.0135 -0.0114 -0.0160 -0.0168 -0.0177 -0.0188 -0.0201 -0.0217 -0.0237 -0.0265 -0.0306 -0.0374 -0.0382 -0.0420 -0.0520 -0.0323 -0.0188 -0.0059  0.0036  0.0124  0.0246  0.0574  0.1004  0.1493  0.2294  0.3469  0.5961  1.0000
    67   biomsd    9.7463e+00 1.5230e-01   0.1399 -0.0136 -0.0142 -0.0150 -0.0159 -0.0170 -0.0184 -0.0201 -0.0225 -0.0259 -0.0317 -0.0325 -0.0357 -0.0443 -0.0279 -0.0169 -0.0065  0.0008  0.0072  0.0159  0.0408  0.0730  0.1079  0.1653  0.2459  0.4193  0.6974  1.0000  0.7064  0.4562  0.2686  0.1411  0.0935  0.0716  0.0486  0.0335  0.0086 -0.0102 -0.0078 -0.0066 -0.0136 -0.0142 -0.0150 -0.0159 -0.0170 -0.0184 -0.0201 -0.0225 -0.0259 -0.0317 -0.0325 -0.0357 -0.0443 -0.0279 -0.0169 -0.0065  0.0008  0.0072  0.0159  0.0408  0.0730  0.1079  0.1653  0.2459  0.4193  0.6974  1.0000
    68   biomsd    9.7436e+00 1.4574e-01   0.1327 -0.0130 -0.0136 -0.0143 -0.0152 -0.0162 -0.0175 -0.0192 -0.0215 -0.0248 -0.0303 -0.0310 -0.0342 -0.0425 -0.0273 -0.0171 -0.0079 -0.0019  0.0031  0.0094  0.0301  0.0560  0.0818  0.1247  0.1801  0.3026  0.4950  0.7064  1.0000  0.6416  0.3822  0.2087  0.1341  0.0973  0.0653  0.0438  0.0159 -0.0043 -0.0033 -0.0028 -0.0130 -0.0136 -0.0143 -0.0152 -0.0162 -0.0175 -0.0192 -0.0215 -0.0248 -0.0303 -0.0310 -0.0342 -0.0425 -0.0273 -0.0171 -0.0079 -0.0019  0.0031  0.0094  0.0301  0.0560  0.0818  0.1247  0.1801  0.3026  0.4950  0.7064  1.0000
    69   biomsd    9.7408e+00 1.1753e-01   0.1478 -0.0146 -0.0153 -0.0161 -0.0171 -0.0182 -0.0197 -0.0216 -0.0241 -0.0278 -0.0340 -0.0349 -0.0386 -0.0481 -0.0315 -0.0207 -0.0111 -0.0057 -0.0016  0.0029  0.0216  0.0442  0.0631  0.0950  0.1279  0.2071  0.3240  0.4562  0.6416  1.0000  0.5999  0.3348  0.2115  0.1485  0.0990  0.0653  0.0283  0.0025  0.0019  0.0016 -0.0146 -0.0153 -0.0161 -0.0171 -0.0182 -0.0197 -0.0216 -0.0241 -0.0278 -0.0340 -0.0349 -0.0386 -0.0481 -0.0315 -0.0207 -0.0111 -0.0057 -0.0016  0.0029  0.0216  0.0442  0.0631  0.0950  0.1279  0.2071  0.3240  0.4562  0.6416  1.0000
    70   biomsd    9.6994e+00 1.2918e-01   0.0205 -0.0019 -0.0020 -0.0022 -0.0023 -0.0024 -0.0026 -0.0029 -0.0032 -0.0037 -0.0045 -0.0046 -0.0051 -0.0062 -0.0037 -0.0019 -0.0001  0.0014  0.0029  0.0052  0.0104  0.0174  0.0262  0.0404  0.0629  0.1094  0.1861  0.2686  0.3822  0.5999  1.0000  0.5852  0.3560  0.2317  0.1520  0.0960  0.0597  0.0388  0.0297  0.0250 -0.0019 -0.0020 -0.0022 -0.0023 -0.0024 -0.0026 -0.0029 -0.0032 -0.0037 -0.0045 -0.0046 -0.0051 -0.0062 -0.0037 -0.0019 -0.0001  0.0014  0.0029  0.0052  0.0104  0.0174  0.0262  0.0404  0.0629  0.1094  0.1861  0.2686  0.3822  0.5999  1.0000
    71   biomsd    9.6579e+00 1.1184e-01  -0.1078  0.0108  0.0113  0.0119  0.0127  0.0135  0.0146  0.0160  0.0179  0.0206  0.0252  0.0260  0.0289  0.0361  0.0245  0.0173  0.0115  0.0092  0.0085  0.0089  0.0012 -0.0063 -0.0058 -0.0065  0.0108  0.0350  0.0895  0.1411  0.2087  0.3348  0.5852  1.0000  0.6003  0.3793  0.2470  0.1531  0.1083  0.0870  0.0666  0.0560  0.0108  0.0113  0.0119  0.0127  0.0135  0.0146  0.0160  0.0179  0.0206  0.0252  0.0260  0.0289  0.0361  0.0245  0.0173  0.0115  0.0092  0.0085  0.0089  0.0012 -0.0063 -0.0058 -0.0065  0.0108  0.0350  0.0895  0.1411  0.2087  0.3348  0.5852  1.0000
    72   biomsd    9.6721e+00 1.3470e-01  -0.0083  0.0009  0.0009  0.0010  0.0010  0.0011  0.0012  0.0013  0.0014  0.0016  0.0020  0.0021  0.0023  0.0030  0.0022  0.0017  0.0015  0.0016  0.0019  0.0026  0.0030  0.0040  0.0066  0.0105  0.0190  0.0352  0.0637  0.0935  0.1341  0.2115  0.3560  0.6003  1.0000  0.6456  0.4225  0.2656  0.1713  0.1189  0.0910  0.0765  0.0009  0.0009  0.0010  0.0010  0.0011  0.0012  0.0013  0.0014  0.0016  0.0020  0.0021  0.0023  0.0030  0.0022  0.0017  0.0015  0.0016  0.0019  0.0026  0.0030  0.0040  0.0066  0.0105  0.0190  0.0352  0.0637  0.0935  0.1341  0.2115  0.3560  0.6003  1.0000
    73   biomsd    9.6863e+00 1.3151e-01   0.0747 -0.0074 -0.0078 -0.0082 -0.0087 -0.0093 -0.0100 -0.0110 -0.0123 -0.0142 -0.0173 -0.0178 -0.0197 -0.0246 -0.0164 -0.0112 -0.0068 -0.0046 -0.0033 -0.0022  0.0053  0.0136  0.0184  0.0270  0.0297  0.0423  0.0545  0.0716  0.0973  0.1485  0.2317  0.3793  0.6456  1.0000  0.6556  0.4140  0.2588  0.1697  0.1298  0.1092 -0.0074 -0.0078 -0.0082 -0.0087 -0.0093 -0.0100 -0.0110 -0.0123 -0.0142 -0.0173 -0.0178 -0.0197 -0.0246 -0.0164 -0.0112 -0.0068 -0.0046 -0.0033 -0.0022  0.0053  0.0136  0.0184  0.0270  0.0297  0.0423  0.0545  0.0716  0.0973  0.1485  0.2317  0.3793  0.6456  1.0000
    74   biomsd    9.6760e+00 1.3807e-01   0.0612 -0.0061 -0.0064 -0.0067 -0.0071 -0.0076 -0.0082 -0.0090 -0.0101 -0.0116 -0.0142 -0.0146 -0.0162 -0.0202 -0.0135 -0.0092 -0.0056 -0.0039 -0.0028 -0.0021  0.0039  0.0106  0.0142  0.0208  0.0221  0.0307  0.0377  0.0486  0.0653  0.0990  0.1520  0.2470  0.4225  0.6556  1.0000  0.6304  0.3990  0.2678  0.2049  0.1723 -0.0061 -0.0064 -0.0067 -0.0071 -0.0076 -0.0082 -0.0090 -0.0101 -0.0116 -0.0142 -0.0146 -0.0162 -0.0202 -0.0135 -0.0092 -0.0056 -0.0039 -0.0028 -0.0021  0.0039  0.0106  0.0142  0.0208  0.0221  0.0307  0.0377  0.0486  0.0653  0.0990  0.1520  0.2470  0.4225  0.6556  1.0000
    75   biomsd    9.6658e+00 1.1963e-01   0.0591 -0.0059 -0.0062 -0.0065 -0.0069 -0.0074 -0.0080 -0.0087 -0.0097 -0.0112 -0.0137 -0.0141 -0.0157 -0.0195 -0.0131 -0.0090 -0.0055 -0.0039 -0.0029 -0.0023  0.0033  0.0095  0.0126  0.0183  0.0184  0.0243  0.0271  0.0335  0.0438  0.0653  0.0960  0.1531  0.2656  0.4140  0.6304  1.0000  0.6364  0.4316  0.3302  0.2777 -0.0059 -0.0062 -0.0065 -0.0069 -0.0074 -0.0080 -0.0087 -0.0097 -0.0112 -0.0137 -0.0141 -0.0157 -0.0195 -0.0131 -0.0090 -0.0055 -0.0039 -0.0029 -0.0023  0.0033  0.0095  0.0126  0.0183  0.0184  0.0243  0.0271  0.0335  0.0438  0.0653  0.0960  0.1531  0.2656  0.4140  0.6304  1.0000
    76   biomsd    9.6262e+00 1.4466e-01  -0.0544  0.0054  0.0057  0.0060  0.0064  0.0068  0.0073  0.0080  0.0090  0.0104  0.0127  0.0131  0.0145  0.0181  0.0122  0.0085  0.0054  0.0040  0.0033  0.0030 -0.0017 -0.0066 -0.0083 -0.0116 -0.0083 -0.0069  0.0021  0.0086  0.0159  0.0283  0.0597  0.1083  0.1713  0.2588  0.3990  0.6364  1.0000  0.6951  0.5319  0.4472  0.0054  0.0057  0.0060  0.0064  0.0068  0.0073  0.0080  0.0090  0.0104  0.0127  0.0131  0.0145  0.0181  0.0122  0.0085  0.0054  0.0040  0.0033  0.0030 -0.0017 -0.0066 -0.0083 -0.0116 -0.0083 -0.0069  0.0021  0.0086  0.0159  0.0283  0.0597  0.1083  0.1713  0.2588  0.3990  0.6364  1.0000
    77   biomsd    9.5867e+00 1.4947e-01  -0.1527  0.0152  0.0159  0.0168  0.0178  0.0191  0.0206  0.0225  0.0252  0.0290  0.0355  0.0366  0.0405  0.0506  0.0340  0.0235  0.0148  0.0108  0.0087  0.0077 -0.0059 -0.0204 -0.0261 -0.0370 -0.0308 -0.0329 -0.0177 -0.0102 -0.0043  0.0025  0.0388  0.0870  0.1189  0.1697  0.2678  0.4316  0.6951  1.0000  0.7652  0.6434  0.0152  0.0159  0.0168  0.0178  0.0191  0.0206  0.0225  0.0252  0.0290  0.0355  0.0366  0.0405  0.0506  0.0340  0.0235  0.0148  0.0108  0.0087  0.0077 -0.0059 -0.0204 -0.0261 -0.0370 -0.0308 -0.0329 -0.0177 -0.0102 -0.0043  0.0025  0.0388  0.0870  0.1189  0.1697  0.2678  0.4316  0.6951  1.0000
    78   biomsd    9.5867e+00 1.9532e-01  -0.1168  0.0116  0.0122  0.0129  0.0136  0.0146  0.0157  0.0172  0.0193  0.0222  0.0272  0.0280  0.0310  0.0387  0.0260  0.0180  0.0113  0.0083  0.0067  0.0059 -0.0045 -0.0156 -0.0199 -0.0283 -0.0236 -0.0252 -0.0135 -0.0078 -0.0033  0.0019  0.0297  0.0666  0.0910  0.1298  0.2049  0.3302  0.5319  0.7652  1.0000  0.8408  0.0116  0.0122  0.0129  0.0136  0.0146  0.0157  0.0172  0.0193  0.0222  0.0272  0.0280  0.0310  0.0387  0.0260  0.0180  0.0113  0.0083  0.0067  0.0059 -0.0045 -0.0156 -0.0199 -0.0283 -0.0236 -0.0252 -0.0135 -0.0078 -0.0033  0.0019  0.0297  0.0666  0.0910  0.1298  0.2049  0.3302  0.5319  0.7652  1.0000
    79   biomsd    9.5867e+00 2.3230e-01  -0.0982  0.0098  0.0103  0.0108  0.0115  0.0123  0.0132  0.0145  0.0162  0.0187  0.0228  0.0236  0.0261  0.0326  0.0219  0.0152  0.0095  0.0070  0.0056  0.0050 -0.0038 -0.0131 -0.0168 -0.0238 -0.0198 -0.0212 -0.0114 -0.0066 -0.0028  0.0016  0.0250  0.0560  0.0765  0.1092  0.1723  0.2777  0.4472  0.6434  0.8408  1.0000  0.0098  0.0103  0.0108  0.0115  0.0123  0.0132  0.0145  0.0162  0.0187  0.0228  0.0236  0.0261  0.0326  0.0219  0.0152  0.0095  0.0070  0.0056  0.0050 -0.0038 -0.0131 -0.0168 -0.0238 -0.0198 -0.0212 -0.0114 -0.0066 -0.0028  0.0016  0.0250  0.0560  0.0765  0.1092  0.1723  0.2777  0.4472  0.6434  0.8408  1.0000
    80   biomA     6.5533e+03 2.7356e+03  -0.0996  1.0000  0.9536  0.9047  0.8531  0.7982  0.7391  0.6750  0.6040  0.5236  0.4282  0.3351  0.2580  0.1863  0.1267  0.0895  0.0595  0.0404  0.0291  0.0205  0.0060 -0.0072 -0.0135 -0.0226 -0.0201 -0.0234 -0.0160 -0.0136 -0.0130 -0.0146 -0.0019  0.0108  0.0009 -0.0074 -0.0061 -0.0059  0.0054  0.0152  0.0116  0.0098  1.0000  0.9536  0.9047  0.8531  0.7982  0.7391  0.6750  0.6040  0.5236  0.4282  0.3351  0.2580  0.1863  0.1267  0.0895  0.0595  0.0404  0.0291  0.0205  0.0060 -0.0072 -0.0135 -0.0226 -0.0201 -0.0234 -0.0160 -0.0136 -0.0130 -0.0146 -0.0019  0.0108  0.0009 -0.0074 -0.0061 -0.0059  0.0054  0.0152  0.0116  0.0098  1.0000
    81   biomA     6.5533e+03 2.6085e+03  -0.1044  0.9536  1.0000  0.9488  0.8947  0.8370  0.7751  0.7078  0.6334  0.5491  0.4491  0.3514  0.2705  0.1954  0.1328  0.0939  0.0624  0.0424  0.0305  0.0215  0.0063 -0.0076 -0.0141 -0.0237 -0.0211 -0.0246 -0.0168 -0.0142 -0.0136 -0.0153 -0.0020  0.0113  0.0009 -0.0078 -0.0064 -0.0062  0.0057  0.0159  0.0122  0.0103  0.9536  1.0000  0.9488  0.8947  0.8370  0.7751  0.7078  0.6334  0.5491  0.4491  0.3514  0.2705  0.1954  0.1328  0.0939  0.0624  0.0424  0.0305  0.0215  0.0063 -0.0076 -0.0141 -0.0237 -0.0211 -0.0246 -0.0168 -0.0142 -0.0136 -0.0153 -0.0020  0.0113  0.0009 -0.0078 -0.0064 -0.0062  0.0057  0.0159  0.0122  0.0103  0.9536  1.0000
    82   biomA     6.5533e+03 2.4749e+03  -0.1101  0.9047  0.9488  1.0000  0.9429  0.8822  0.8170  0.7460  0.6676  0.5787  0.4733  0.3704  0.2851  0.2059  0.1400  0.0989  0.0658  0.0447  0.0322  0.0226  0.0066 -0.0080 -0.0149 -0.0250 -0.0223 -0.0259 -0.0177 -0.0150 -0.0143 -0.0161 -0.0022  0.0119  0.0010 -0.0082 -0.0067 -0.0065  0.0060  0.0168  0.0129  0.0108  0.9047  0.9488  1.0000  0.9429  0.8822  0.8170  0.7460  0.6676  0.5787  0.4733  0.3704  0.2851  0.2059  0.1400  0.0989  0.0658  0.0447  0.0322  0.0226  0.0066 -0.0080 -0.0149 -0.0250 -0.0223 -0.0259 -0.0177 -0.0150 -0.0143 -0.0161 -0.0022  0.0119  0.0010 -0.0082 -0.0067 -0.0065  0.0060  0.0168  0.0129  0.0108  0.9047  0.9488  1.0000
    83   biomA     6.5533e+03 2.3337e+03  -0.1167  0.8531  0.8947  0.9429  1.0000  0.9356  0.8664  0.7912  0.7080  0.6137  0.5019  0.3928  0.3024  0.2184  0.1485  0.1049  0.0698  0.0474  0.0341  0.0240  0.0070 -0.0085 -0.0158 -0.0265 -0.0236 -0.0275 -0.0188 -0.0159 -0.0152 -0.0171 -0.0023  0.0127  0.0010 -0.0087 -0.0071 -0.0069  0.0064  0.0178  0.0136  0.0115  0.8531  0.8947  0.9429  1.0000  0.9356  0.8664  0.7912  0.7080  0.6137  0.5019  0.3928  0.3024  0.2184  0.1485  0.1049  0.0698  0.0474  0.0341  0.0240  0.0070 -0.0085 -0.0158 -0.0265 -0.0236 -0.0275 -0.0188 -0.0159 -0.0152 -0.0171 -0.0023  0.0127  0.0010 -0.0087 -0.0071 -0.0069  0.0064  0.0178  0.0136  0.0115  0.8531  0.8947  0.9429  1.0000
    84   biomA     6.5533e+03 2.1834e+03  -0.1248  0.7982  0.8370  0.8822  0.9356  1.0000  0.9261  0.8457  0.7568  0.6560  0.5365  0.4198  0.3232  0.2334  0.1587  0.1122  0.0746  0.0506  0.0364  0.0256  0.0075 -0.0091 -0.0169 -0.0283 -0.0252 -0.0294 -0.0201 -0.0170 -0.0162 -0.0182 -0.0024  0.0135  0.0011 -0.0093 -0.0076 -0.0074  0.0068  0.0191  0.0146  0.0123  0.7982  0.8370  0.8822  0.9356  1.0000  0.9261  0.8457  0.7568  0.6560  0.5365  0.4198  0.3232  0.2334  0.1587  0.1122  0.0746  0.0506  0.0364  0.0256  0.0075 -0.0091 -0.0169 -0.0283 -0.0252 -0.0294 -0.0201 -0.0170 -0.0162 -0.0182 -0.0024  0.0135  0.0011 -0.0093 -0.0076 -0.0074  0.0068  0.0191  0.0146  0.0123  0.7982  0.8370  0.8822  0.9356  1.0000
    85   biomA     6.5533e+03 2.0219e+03  -0.1347  0.7391  0.7751  0.8170  0.8664  0.9261  1.0000  0.9132  0.8172  0.7083  0.5793  0.4534  0.3490  0.2521  0.1714  0.1211  0.0806  0.0547  0.0394  0.0277  0.0081 -0.0098 -0.0182 -0.0305 -0.0272 -0.0317 -0.0217 -0.0184 -0.0175 -0.0197 -0.0026  0.0146  0.0012 -0.0100 -0.0082 -0.0080  0.0073  0.0206  0.0157  0.0132  0.7391  0.7751  0.8170  0.8664  0.9261  1.0000  0.9132  0.8172  0.7083  0.5793  0.4534  0.3490  0.2521  0.1714  0.1211  0.0806  0.0547  0.0394  0.0277  0.0081 -0.0098 -0.0182 -0.0305 -0.0272 -0.0317 -0.0217 -0.0184 -0.0175 -0.0197 -0.0026  0.0146  0.0012 -0.0100 -0.0082 -0.0080  0.0073  0.0206  0.0157  0.0132  0.7391  0.7751  0.8170  0.8664  0.9260  1.0000
    86   biomA     6.5533e+03 1.8464e+03  -0.1475  0.6750  0.7078  0.7460  0.7912  0.8457  0.9132  1.0000  0.8949  0.7757  0.6344  0.4965  0.3822  0.2760  0.1877  0.1326  0.0882  0.0599  0.0431  0.0303  0.0089 -0.0107 -0.0200 -0.0334 -0.0298 -0.0347 -0.0237 -0.0201 -0.0192 -0.0216 -0.0029  0.0160  0.0013 -0.0110 -0.0090 -0.0087  0.0080  0.0225  0.0172  0.0145  0.6750  0.7078  0.7460  0.7912  0.8457  0.9132  1.0000  0.8949  0.7757  0.6344  0.4965  0.3822  0.2760  0.1877  0.1326  0.0882  0.0599  0.0431  0.0303  0.0089 -0.0107 -0.0200 -0.0334 -0.0298 -0.0347 -0.0237 -0.0201 -0.0192 -0.0216 -0.0029  0.0160  0.0013 -0.0110 -0.0090 -0.0087  0.0080  0.0225  0.0172  0.0145  0.6750  0.7078  0.7460  0.7912  0.8457  0.9132  1.0000
    87   biomA     6.5533e+03 1.6523e+03  -0.1649  0.6040  0.6334  0.6676  0.7080  0.7568  0.8172  0.8949  1.0000  0.8668  0.7089  0.5548  0.4271  0.3085  0.2097  0.1482  0.0986  0.0669  0.0482  0.0339  0.0100 -0.0120 -0.0223 -0.0374 -0.0333 -0.0388 -0.0265 -0.0225 -0.0215 -0.0241 -0.0032  0.0179  0.0014 -0.0123 -0.0101 -0.0097  0.0090  0.0252  0.0193  0.0162  0.6040  0.6334  0.6676  0.7080  0.7568  0.8172  0.8949  1.0000  0.8668  0.7089  0.5548  0.4271  0.3085  0.2097  0.1482  0.0986  0.0669  0.0482  0.0339  0.0100 -0.0120 -0.0223 -0.0374 -0.0333 -0.0388 -0.0265 -0.0225 -0.0215 -0.0241 -0.0032  0.0179  0.0014 -0.0123 -0.0101 -0.0097  0.0090  0.0252  0.0193  0.0162  0.6040  0.6334  0.6676  0.7080  0.7568  0.8172  0.8949  1.0000
    88   biomA     6.5533e+03 1.4322e+03  -0.1902  0.5236  0.5491  0.5787  0.6137  0.6560  0.7083  0.7757  0.8668  1.0000  0.8179  0.6401  0.4927  0.3559  0.2419  0.1710  0.1137  0.0772  0.0556  0.0391  0.0115 -0.0138 -0.0257 -0.0431 -0.0385 -0.0448 -0.0306 -0.0259 -0.0248 -0.0278 -0.0037  0.0206  0.0016 -0.0142 -0.0116 -0.0112  0.0104  0.0290  0.0222  0.0187  0.5236  0.5491  0.5787  0.6137  0.6560  0.7083  0.7757  0.8668  1.0000  0.8179  0.6401  0.4927  0.3559  0.2419  0.1710  0.1137  0.0772  0.0556  0.0391  0.0115 -0.0138 -0.0257 -0.0431 -0.0385 -0.0448 -0.0306 -0.0259 -0.0248 -0.0278 -0.0037  0.0206  0.0016 -0.0142 -0.0116 -0.0112  0.0104  0.0290  0.0222  0.0187  0.5236  0.5491  0.5787  0.6137  0.6560  0.7083  0.7757  0.8668  1.0000
    89   biomA     6.5533e+03 1.1714e+03  -0.2325  0.4282  0.4491  0.4733  0.5019  0.5365  0.5793  0.6344  0.7089  0.8179  1.0000  0.7826  0.6024  0.4351  0.2958  0.2090  0.1390  0.0944  0.0679  0.0478  0.0140 -0.0169 -0.0315 -0.0527 -0.0470 -0.0547 -0.0374 -0.0317 -0.0303 -0.0340 -0.0045  0.0252  0.0020 -0.0173 -0.0142 -0.0137  0.0127  0.0355  0.0272  0.0228  0.4282  0.4491  0.4733  0.5019  0.5365  0.5793  0.6344  0.7089  0.8179  1.0000  0.7826  0.6024  0.4351  0.2958  0.2090  0.1390  0.0944  0.0679  0.0478  0.0140 -0.0169 -0.0315 -0.0527 -0.0470 -0.0547 -0.0374 -0.0317 -0.0303 -0.0340 -0.0045  0.0252  0.0020 -0.0173 -0.0142 -0.0137  0.0127  0.0355  0.0272  0.0228  0.4282  0.4491  0.4733  0.5019  0.5365  0.5793  0.6344  0.7089  0.8179  1.0000
    90   biomA     6.6715e+03 1.1805e+03  -0.2397  0.3351  0.3514  0.3704  0.3928  0.4198  0.4534  0.4965  0.5548  0.6401  0.7826  1.0000  0.7648  0.5437  0.3698  0.2616  0.1743  0.1181  0.0846  0.0589  0.0207 -0.0134 -0.0299 -0.0528 -0.0475 -0.0559 -0.0382 -0.0325 -0.0310 -0.0349 -0.0046  0.0260  0.0021 -0.0178 -0.0146 -0.0141  0.0131  0.0366  0.0280  0.0236  0.3351  0.3514  0.3704  0.3928  0.4198  0.4534  0.4965  0.5548  0.6401  0.7826  1.0000  0.7648  0.5437  0.3698  0.2616  0.1743  0.1181  0.0846  0.0589  0.0207 -0.0134 -0.0299 -0.0528 -0.0475 -0.0559 -0.0382 -0.0325 -0.0310 -0.0349 -0.0046  0.0260  0.0021 -0.0178 -0.0146 -0.0141  0.0131  0.0366  0.0280  0.0236  0.3351  0.3514  0.3704  0.3928  0.4198  0.4534  0.4965  0.5548  0.6401  0.7826  1.0000
    91   biomA     6.7918e+03 1.1070e+03  -0.2655  0.2580  0.2705  0.2851  0.3024  0.3232  0.3490  0.3822  0.4271  0.4927  0.6024  0.7648  1.0000  0.7035  0.4786  0.3387  0.2261  0.1528  0.1092  0.0756  0.0296 -0.0106 -0.0304 -0.0567 -0.0516 -0.0613 -0.0420 -0.0357 -0.0342 -0.0386 -0.0051  0.0289  0.0023 -0.0197 -0.0162 -0.0157  0.0145  0.0405  0.0310  0.0261  0.2580  0.2705  0.2851  0.3024  0.3232  0.3490  0.3822  0.4271  0.4927  0.6024  0.7648  1.0000  0.7035  0.4786  0.3387  0.2261  0.1528  0.1092  0.0756  0.0296 -0.0106 -0.0304 -0.0567 -0.0516 -0.0613 -0.0420 -0.0357 -0.0342 -0.0386 -0.0051  0.0289  0.0023 -0.0197 -0.0162 -0.0157  0.0145  0.0405  0.0310  0.0261  0.2580  0.2705  0.2851  0.3024  0.3232  0.3490  0.3822  0.4271  0.4927  0.6024  0.7648  1.0000
    92   biomA     6.9143e+03 9.2023e+02  -0.3316  0.1863  0.1954  0.2059  0.2184  0.2334  0.2521  0.2760  0.3085  0.3559  0.4351  0.5437  0.7035  1.0000  0.6805  0.4818  0.3219  0.2174  0.1550  0.1067  0.0450 -0.0081 -0.0346 -0.0688 -0.0632 -0.0759 -0.0520 -0.0443 -0.0425 -0.0481 -0.0062  0.0361  0.0030 -0.0246 -0.0202 -0.0195  0.0181  0.0506  0.0387  0.0326  0.1863  0.1954  0.2059  0.2184  0.2334  0.2521  0.2760  0.3085  0.3559  0.4351  0.5437  0.7035  1.0000  0.6805  0.4818  0.3219  0.2174  0.1550  0.1067  0.0450 -0.0081 -0.0346 -0.0688 -0.0632 -0.0759 -0.0520 -0.0443 -0.0425 -0.0481 -0.0062  0.0361  0.0030 -0.0246 -0.0202 -0.0195  0.0181  0.0506  0.0387  0.0326  0.1863  0.1954  0.2059  0.2184  0.2334  0.2521  0.2760  0.3085  0.3559  0.4351  0.5437  0.7035  1.0000
    93   biomA     7.5001e+03 1.1310e+03  -0.2227  0.1267  0.1328  0.1400  0.1485  0.1587  0.1714  0.1877  0.2097  0.2419  0.2958  0.3698  0.4786  0.6805  1.0000  0.7091  0.4756  0.3198  0.2262  0.1527  0.0827  0.0282 -0.0018 -0.0330 -0.0343 -0.0465 -0.0323 -0.0279 -0.0273 -0.0315 -0.0037  0.0245  0.0022 -0.0164 -0.0135 -0.0131  0.0122  0.0340  0.0260  0.0219  0.1267  0.1328  0.1400  0.1485  0.1587  0.1714  0.1877  0.2097  0.2419  0.2958  0.3698  0.4786  0.6805  1.0000  0.7091  0.4756  0.3198  0.2262  0.1527  0.0827  0.0282 -0.0018 -0.0330 -0.0343 -0.0465 -0.0323 -0.0279 -0.0273 -0.0315 -0.0037  0.0245  0.0022 -0.0164 -0.0135 -0.0131  0.0122  0.0340  0.0260  0.0219  0.1267  0.1328  0.1400  0.1485  0.1587  0.1714  0.1877  0.2097  0.2419  0.2958  0.3698  0.4786  0.6805  1.0000
