 The logarithm of the determinant of the hessian = 2.50186
 index   name       value      std.dev       1       2       3       4       5       6       7       8       9      10      11      12      13      14      15      16      17      18      19      20      21      22      23      24      25      26      27      28      29      30      31      32      33      34      35      36      37      38      39      40      41      42      43      44      45      46      47      48      49      50      51      52      53      54      55      56      57   
     1   logSdLam -1.9812e+00 2.8624e-01   1.0000
     2   biom      8.7761e+00 1.8250e-01  -0.1815  1.0000
     3   biom      8.7937e+00 1.8336e-01  -0.1875  0.7568  1.0000
     4   biom      8.8112e+00 1.6871e-01  -0.2112  0.5633  0.7404  1.0000
     5   biom      8.8288e+00 1.3356e-01  -0.2762  0.3842  0.4977  0.6663  1.0000
     6   biom      8.9132e+00 1.5756e-01  -0.1741  0.2475  0.3208  0.4297  0.6451  1.0000
     7   biom      8.9976e+00 1.5754e-01  -0.1142  0.1694  0.2198  0.2946  0.4425  0.6875  1.0000
     8   biom      9.0821e+00 1.3349e-01  -0.0639  0.1076  0.1402  0.1883  0.2832  0.4424  0.6449  1.0000
     9   biom      9.1600e+00 1.5728e-01  -0.0496  0.0709  0.0919  0.1231  0.1849  0.2867  0.4167  0.6452  1.0000
    10   biom      9.2379e+00 1.5672e-01  -0.0451  0.0506  0.0651  0.0868  0.1298  0.1985  0.2870  0.4431  0.6863  1.0000
    11   biom      9.3159e+00 1.3151e-01  -0.0483  0.0359  0.0453  0.0596  0.0884  0.1303  0.1857  0.2845  0.4397  0.6402  1.0000
    12   biom      9.4176e+00 1.4671e-01   0.0306  0.0113  0.0168  0.0243  0.0382  0.0705  0.1086  0.1731  0.2706  0.3955  0.6192  1.0000
    13   biom      9.5194e+00 1.3261e-01   0.1155 -0.0105 -0.0077 -0.0054 -0.0030  0.0268  0.0562  0.1009  0.1626  0.2403  0.3783  0.6215  1.0000
    14   biom      9.6003e+00 1.4599e-01   0.1462 -0.0201 -0.0188 -0.0192 -0.0226  0.0034  0.0260  0.0573  0.0964  0.1446  0.2293  0.3850  0.6244  1.0000
    15   biom      9.6812e+00 1.2833e-01   0.2133 -0.0349 -0.0349 -0.0381 -0.0483 -0.0199  0.0011  0.0262  0.0513  0.0806  0.1308  0.2337  0.3873  0.6154  1.0000
    16   biom      9.7201e+00 1.3634e-01   0.1749 -0.0295 -0.0298 -0.0328 -0.0421 -0.0203 -0.0050  0.0122  0.0277  0.0452  0.0746  0.1389  0.2335  0.3692  0.5988  1.0000
    17   biom      9.7589e+00 1.0439e-01   0.1947 -0.0342 -0.0349 -0.0390 -0.0505 -0.0286 -0.0144 -0.0002  0.0093  0.0189  0.0340  0.0757  0.1339  0.2079  0.3348  0.5404  1.0000
    18   biom      9.7556e+00 1.4882e-01   0.1282 -0.0226 -0.0232 -0.0259 -0.0336 -0.0194 -0.0103 -0.0014  0.0043  0.0097  0.0180  0.0429  0.0770  0.1190  0.1911  0.3052  0.5623  1.0000
    19   biom      9.7524e+00 1.6286e-01   0.1094 -0.0194 -0.0199 -0.0223 -0.0290 -0.0170 -0.0095 -0.0024  0.0018  0.0056  0.0112  0.0298  0.0549  0.0842  0.1347  0.2114  0.3866  0.6828  1.0000
    20   biom      9.7491e+00 1.5500e-01   0.1069 -0.0191 -0.0196 -0.0220 -0.0287 -0.0172 -0.0102 -0.0036 -0.0003  0.0024  0.0062  0.0215  0.0415  0.0626  0.0996  0.1512  0.2726  0.4747  0.6927  1.0000
    21   biom      9.7459e+00 1.2104e-01   0.1266 -0.0228 -0.0235 -0.0264 -0.0344 -0.0212 -0.0132 -0.0061 -0.0033 -0.0013  0.0008  0.0150  0.0324  0.0471  0.0738  0.1029  0.1780  0.2970  0.4287  0.6157  1.0000
    22   biom      9.7000e+00 1.3642e-01   0.0091 -0.0015 -0.0016 -0.0017 -0.0022 -0.0011 -0.0003  0.0006  0.0013  0.0022  0.0036  0.0067  0.0114  0.0179  0.0291  0.0484  0.0908  0.1642  0.2418  0.3505  0.5724  1.0000
    23   biom      9.6540e+00 1.1517e-01  -0.1115  0.0203  0.0210  0.0237  0.0310  0.0197  0.0131  0.0078  0.0065  0.0065  0.0076  0.0002 -0.0071 -0.0070 -0.0086  0.0067  0.0280  0.0767  0.1223  0.1833  0.3049  0.5574  1.0000
    24   biom      9.6718e+00 1.4255e-01  -0.0088  0.0016  0.0017  0.0019  0.0025  0.0017  0.0012  0.0009  0.0010  0.0012  0.0017  0.0018  0.0023  0.0041  0.0069  0.0136  0.0271  0.0515  0.0768  0.1119  0.1834  0.3228  0.5721  1.0000
    25   biom      9.6895e+00 1.3767e-01   0.0752 -0.0136 -0.0141 -0.0158 -0.0207 -0.0130 -0.0084 -0.0046 -0.0034 -0.0029 -0.0028  0.0036  0.0108  0.0143  0.0215  0.0226  0.0326  0.0425  0.0568  0.0785  0.1247  0.2023  0.3481  0.6235  1.0000
    26   biom      9.6788e+00 1.4569e-01   0.0622 -0.0113 -0.0116 -0.0131 -0.0171 -0.0108 -0.0070 -0.0038 -0.0029 -0.0025 -0.0025  0.0027  0.0085  0.0112  0.0167  0.0169  0.0235  0.0287  0.0375  0.0512  0.0806  0.1280  0.2184  0.3939  0.6331  1.0000
    27   biom      9.6681e+00 1.2265e-01   0.0634 -0.0115 -0.0119 -0.0134 -0.0175 -0.0110 -0.0072 -0.0040 -0.0030 -0.0027 -0.0028  0.0024  0.0081  0.0105  0.0156  0.0147  0.0191  0.0206  0.0253  0.0335  0.0517  0.0770  0.1280  0.2360  0.3815  0.6012  1.0000
    28   biom      9.6239e+00 1.5123e-01  -0.0459  0.0083  0.0086  0.0097  0.0127  0.0080  0.0053  0.0030  0.0024  0.0022  0.0024 -0.0011 -0.0048 -0.0059 -0.0085 -0.0058 -0.0048  0.0017  0.0062  0.0114  0.0208  0.0462  0.0876  0.1449  0.2267  0.3620  0.6056  1.0000
    29   biom      9.5798e+00 1.5353e-01  -0.1411  0.0256  0.0265  0.0298  0.0390  0.0246  0.0161  0.0091  0.0071  0.0064  0.0069 -0.0041 -0.0160 -0.0201 -0.0293 -0.0232 -0.0247 -0.0130 -0.0080 -0.0043 -0.0002  0.0296  0.0704  0.0969  0.1419  0.2329  0.3941  0.6674  1.0000
    30   biomsd    8.7761e+00 1.8250e-01  -0.1815  1.0000  0.7568  0.5633  0.3842  0.2475  0.1694  0.1076  0.0709  0.0506  0.0359  0.0113 -0.0105 -0.0201 -0.0349 -0.0295 -0.0342 -0.0226 -0.0194 -0.0191 -0.0228 -0.0015  0.0203  0.0016 -0.0136 -0.0113 -0.0115  0.0083  0.0256  1.0000
    31   biomsd    8.7937e+00 1.8336e-01  -0.1875  0.7568  1.0000  0.7404  0.4977  0.3208  0.2198  0.1402  0.0919  0.0651  0.0453  0.0168 -0.0077 -0.0188 -0.0349 -0.0298 -0.0349 -0.0232 -0.0199 -0.0196 -0.0235 -0.0016  0.0210  0.0017 -0.0141 -0.0116 -0.0119  0.0086  0.0265  0.7568  1.0000
    32   biomsd    8.8112e+00 1.6871e-01  -0.2112  0.5633  0.7404  1.0000  0.6663  0.4297  0.2946  0.1883  0.1231  0.0868  0.0596  0.0243 -0.0054 -0.0192 -0.0381 -0.0328 -0.0390 -0.0259 -0.0223 -0.0220 -0.0264 -0.0017  0.0237  0.0019 -0.0158 -0.0131 -0.0134  0.0097  0.0298  0.5633  0.7404  1.0000
    33   biomsd    8.8288e+00 1.3356e-01  -0.2762  0.3842  0.4977  0.6663  1.0000  0.6451  0.4425  0.2832  0.1849  0.1298  0.0884  0.0382 -0.0030 -0.0226 -0.0483 -0.0421 -0.0505 -0.0336 -0.0290 -0.0287 -0.0344 -0.0022  0.0310  0.0025 -0.0207 -0.0171 -0.0175  0.0127  0.0390  0.3842  0.4977  0.6663  1.0000
    34   biomsd    8.9132e+00 1.5756e-01  -0.1741  0.2475  0.3208  0.4297  0.6451  1.0000  0.6875  0.4424  0.2867  0.1985  0.1303  0.0705  0.0268  0.0034 -0.0199 -0.0203 -0.0286 -0.0194 -0.0170 -0.0172 -0.0212 -0.0011  0.0197  0.0017 -0.0130 -0.0108 -0.0110  0.0080  0.0246  0.2475  0.3208  0.4297  0.6451  1.0000
    35   biomsd    8.9976e+00 1.5754e-01  -0.1142  0.1694  0.2198  0.2946  0.4425  0.6875  1.0000  0.6449  0.4167  0.2870  0.1857  0.1086  0.0562  0.0260  0.0011 -0.0050 -0.0144 -0.0103 -0.0095 -0.0102 -0.0132 -0.0003  0.0131  0.0012 -0.0084 -0.0070 -0.0072  0.0053  0.0161  0.1694  0.2198  0.2946  0.4425  0.6875  1.0000
    36   biomsd    9.0821e+00 1.3349e-01  -0.0639  0.1076  0.1402  0.1883  0.2832  0.4424  0.6449  1.0000  0.6452  0.4431  0.2845  0.1731  0.1009  0.0573  0.0262  0.0122 -0.0002 -0.0014 -0.0024 -0.0036 -0.0061  0.0006  0.0078  0.0009 -0.0046 -0.0038 -0.0040  0.0030  0.0091  0.1076  0.1402  0.1883  0.2832  0.4424  0.6449  1.0000
    37   biomsd    9.1600e+00 1.5728e-01  -0.0496  0.0709  0.0919  0.1231  0.1849  0.2867  0.4167  0.6452  1.0000  0.6863  0.4397  0.2706  0.1626  0.0964  0.0513  0.0277  0.0093  0.0043  0.0018 -0.0003 -0.0033  0.0013  0.0065  0.0010 -0.0034 -0.0029 -0.0030  0.0024  0.0071  0.0709  0.0919  0.1231  0.1849  0.2867  0.4167  0.6452  1.0000
    38   biomsd    9.2379e+00 1.5672e-01  -0.0451  0.0506  0.0651  0.0868  0.1298  0.1985  0.2870  0.4431  0.6863  1.0000  0.6402  0.3955  0.2403  0.1446  0.0806  0.0452  0.0189  0.0097  0.0056  0.0024 -0.0013  0.0022  0.0065  0.0012 -0.0029 -0.0025 -0.0027  0.0022  0.0064  0.0506  0.0651  0.0868  0.1298  0.1985  0.2870  0.4431  0.6863  1.0000
    39   biomsd    9.3159e+00 1.3151e-01  -0.0483  0.0359  0.0453  0.0596  0.0884  0.1303  0.1857  0.2845  0.4397  0.6402  1.0000  0.6192  0.3783  0.2293  0.1308  0.0746  0.0340  0.0180  0.0112  0.0062  0.0008  0.0036  0.0076  0.0017 -0.0028 -0.0025 -0.0028  0.0024  0.0069  0.0359  0.0453  0.0596  0.0884  0.1303  0.1857  0.2845  0.4397  0.6402  1.0000
    40   biomsd    9.4176e+00 1.4671e-01   0.0306  0.0113  0.0168  0.0243  0.0382  0.0705  0.1086  0.1731  0.2706  0.3955  0.6192  1.0000  0.6215  0.3850  0.2337  0.1389  0.0757  0.0429  0.0298  0.0215  0.0150  0.0067  0.0002  0.0018  0.0036  0.0027  0.0024 -0.0011 -0.0041  0.0113  0.0168  0.0243  0.0382  0.0705  0.1086  0.1731  0.2706  0.3955  0.6192  1.0000
    41   biomsd    9.5194e+00 1.3261e-01   0.1155 -0.0105 -0.0077 -0.0054 -0.0030  0.0268  0.0562  0.1009  0.1626  0.2403  0.3783  0.6215  1.0000  0.6244  0.3873  0.2335  0.1339  0.0770  0.0549  0.0415  0.0324  0.0114 -0.0071  0.0023  0.0108  0.0085  0.0081 -0.0048 -0.0160 -0.0105 -0.0077 -0.0054 -0.0030  0.0268  0.0562  0.1009  0.1626  0.2403  0.3783  0.6215  1.0000
    42   biomsd    9.6003e+00 1.4599e-01   0.1462 -0.0201 -0.0188 -0.0192 -0.0226  0.0034  0.0260  0.0573  0.0964  0.1446  0.2293  0.3850  0.6244  1.0000  0.6154  0.3692  0.2079  0.1190  0.0842  0.0626  0.0471  0.0179 -0.0070  0.0041  0.0143  0.0112  0.0105 -0.0059 -0.0201 -0.0201 -0.0188 -0.0192 -0.0226  0.0034  0.0260  0.0573  0.0964  0.1446  0.2293  0.3850  0.6244  1.0000
    43   biomsd    9.6812e+00 1.2833e-01   0.2133 -0.0349 -0.0349 -0.0381 -0.0483 -0.0199  0.0011  0.0262  0.0513  0.0806  0.1308  0.2337  0.3873  0.6154  1.0000  0.5988  0.3348  0.1911  0.1347  0.0996  0.0738  0.0291 -0.0086  0.0069  0.0215  0.0167  0.0156 -0.0085 -0.0293 -0.0349 -0.0349 -0.0381 -0.0483 -0.0199  0.0011  0.0262  0.0513  0.0806  0.1308  0.2337  0.3873  0.6154  1.0000
    44   biomsd    9.7201e+00 1.3634e-01   0.1749 -0.0295 -0.0298 -0.0328 -0.0421 -0.0203 -0.0050  0.0122  0.0277  0.0452  0.0746  0.1389  0.2335  0.3692  0.5988  1.0000  0.5404  0.3052  0.2114  0.1512  0.1029  0.0484  0.0067  0.0136  0.0226  0.0169  0.0147 -0.0058 -0.0232 -0.0295 -0.0298 -0.0328 -0.0421 -0.0203 -0.0050  0.0122  0.0277  0.0452  0.0746  0.1389  0.2335  0.3692  0.5988  1.0000
    45   biomsd    9.7589e+00 1.0439e-01   0.1947 -0.0342 -0.0349 -0.0390 -0.0505 -0.0286 -0.0144 -0.0002  0.0093  0.0189  0.0340  0.0757  0.1339  0.2079  0.3348  0.5404  1.0000  0.5623  0.3866  0.2726  0.1780  0.0908  0.0280  0.0271  0.0326  0.0235  0.0191 -0.0048 -0.0247 -0.0342 -0.0349 -0.0390 -0.0505 -0.0286 -0.0144 -0.0002  0.0093  0.0189  0.0340  0.0757  0.1339  0.2079  0.3348  0.5404  1.0000
    46   biomsd    9.7556e+00 1.4882e-01   0.1282 -0.0226 -0.0232 -0.0259 -0.0336 -0.0194 -0.0103 -0.0014  0.0043  0.0097  0.0180  0.0429  0.0770  0.1190  0.1911  0.3052  0.5623  1.0000  0.6828  0.4747  0.2970  0.1642  0.0767  0.0515  0.0425  0.0287  0.0206  0.0017 -0.0130 -0.0226 -0.0232 -0.0259 -0.0336 -0.0194 -0.0103 -0.0014  0.0043  0.0097  0.0180  0.0429  0.0770  0.1190  0.1911  0.3052  0.5623  1.0000
    47   biomsd    9.7524e+00 1.6286e-01   0.1094 -0.0194 -0.0199 -0.0223 -0.0290 -0.0170 -0.0095 -0.0024  0.0018  0.0056  0.0112  0.0298  0.0549  0.0842  0.1347  0.2114  0.3866  0.6828  1.0000  0.6927  0.4287  0.2418  0.1223  0.0768  0.0568  0.0375  0.0253  0.0062 -0.0080 -0.0194 -0.0199 -0.0223 -0.0290 -0.0170 -0.0095 -0.0024  0.0018  0.0056  0.0112  0.0298  0.0549  0.0842  0.1347  0.2114  0.3866  0.6828  1.0000
    48   biomsd    9.7491e+00 1.5500e-01   0.1069 -0.0191 -0.0196 -0.0220 -0.0287 -0.0172 -0.0102 -0.0036 -0.0003  0.0024  0.0062  0.0215  0.0415  0.0626  0.0996  0.1512  0.2726  0.4747  0.6927  1.0000  0.6157  0.3505  0.1833  0.1119  0.0785  0.0512  0.0335  0.0114 -0.0043 -0.0191 -0.0196 -0.0220 -0.0287 -0.0172 -0.0102 -0.0036 -0.0003  0.0024  0.0062  0.0215  0.0415  0.0626  0.0996  0.1512  0.2726  0.4747  0.6927  1.0000
    49   biomsd    9.7459e+00 1.2104e-01   0.1266 -0.0228 -0.0235 -0.0264 -0.0344 -0.0212 -0.0132 -0.0061 -0.0033 -0.0013  0.0008  0.0150  0.0324  0.0471  0.0738  0.1029  0.1780  0.2970  0.4287  0.6157  1.0000  0.5724  0.3049  0.1834  0.1247  0.0806  0.0517  0.0208 -0.0002 -0.0228 -0.0235 -0.0264 -0.0344 -0.0212 -0.0132 -0.0061 -0.0033 -0.0013  0.0008  0.0150  0.0324  0.0471  0.0738  0.1029  0.1780  0.2970  0.4287  0.6157  1.0000
    50   biomsd    9.7000e+00 1.3642e-01   0.0091 -0.0015 -0.0016 -0.0017 -0.0022 -0.0011 -0.0003  0.0006  0.0013  0.0022  0.0036  0.0067  0.0114  0.0179  0.0291  0.0484  0.0908  0.1642  0.2418  0.3505  0.5724  1.0000  0.5574  0.3228  0.2023  0.1280  0.0770  0.0462  0.0296 -0.0015 -0.0016 -0.0017 -0.0022 -0.0011 -0.0003  0.0006  0.0013  0.0022  0.0036  0.0067  0.0114  0.0179  0.0291  0.0484  0.0908  0.1642  0.2418  0.3505  0.5724  1.0000
    51   biomsd    9.6540e+00 1.1517e-01  -0.1115  0.0203  0.0210  0.0237  0.0310  0.0197  0.0131  0.0078  0.0065  0.0065  0.0076  0.0002 -0.0071 -0.0070 -0.0086  0.0067  0.0280  0.0767  0.1223  0.1833  0.3049  0.5574  1.0000  0.5721  0.3481  0.2184  0.1280  0.0876  0.0704  0.0203  0.0210  0.0237  0.0310  0.0197  0.0131  0.0078  0.0065  0.0065  0.0076  0.0002 -0.0071 -0.0070 -0.0086  0.0067  0.0280  0.0767  0.1223  0.1833  0.3049  0.5574  1.0000
    52   biomsd    9.6718e+00 1.4255e-01  -0.0088  0.0016  0.0017  0.0019  0.0025  0.0017  0.0012  0.0009  0.0010  0.0012  0.0017  0.0018  0.0023  0.0041  0.0069  0.0136  0.0271  0.0515  0.0768  0.1119  0.1834  0.3228  0.5721  1.0000  0.6235  0.3939  0.2360  0.1449  0.0969  0.0016  0.0017  0.0019  0.0025  0.0017  0.0012  0.0009  0.0010  0.0012  0.0017  0.0018  0.0023  0.0041  0.0069  0.0136  0.0271  0.0515  0.0768  0.1119  0.1834  0.3228  0.5721  1.0000
    53   biomsd    9.6895e+00 1.3767e-01   0.0752 -0.0136 -0.0141 -0.0158 -0.0207 -0.0130 -0.0084 -0.0046 -0.0034 -0.0029 -0.0028  0.0036  0.0108  0.0143  0.0215  0.0226  0.0326  0.0425  0.0568  0.0785  0.1247  0.2023  0.3481  0.6235  1.0000  0.6331  0.3815  0.2267  0.1419 -0.0136 -0.0141 -0.0158 -0.0207 -0.0130 -0.0084 -0.0046 -0.0034 -0.0029 -0.0028  0.0036  0.0108  0.0143  0.0215  0.0226  0.0326  0.0425  0.0568  0.0785  0.1247  0.2023  0.3481  0.6235  1.0000
    54   biomsd    9.6788e+00 1.4569e-01   0.0622 -0.0113 -0.0116 -0.0131 -0.0171 -0.0108 -0.0070 -0.0038 -0.0029 -0.0025 -0.0025  0.0027  0.0085  0.0112  0.0167  0.0169  0.0235  0.0287  0.0375  0.0512  0.0806  0.1280  0.2184  0.3939  0.6331  1.0000  0.6012  0.3620  0.2329 -0.0113 -0.0116 -0.0131 -0.0171 -0.0108 -0.0070 -0.0038 -0.0029 -0.0025 -0.0025  0.0027  0.0085  0.0112  0.0167  0.0169  0.0235  0.0287  0.0375  0.0512  0.0806  0.1280  0.2184  0.3939  0.6331  1.0000
    55   biomsd    9.6681e+00 1.2265e-01   0.0634 -0.0115 -0.0119 -0.0134 -0.0175 -0.0110 -0.0072 -0.0040 -0.0030 -0.0027 -0.0028  0.0024  0.0081  0.0105  0.0156  0.0147  0.0191  0.0206  0.0253  0.0335  0.0517  0.0770  0.1280  0.2360  0.3815  0.6012  1.0000  0.6056  0.3941 -0.0115 -0.0119 -0.0134 -0.0175 -0.0110 -0.0072 -0.0040 -0.0030 -0.0027 -0.0028  0.0024  0.0081  0.0105  0.0156  0.0147  0.0191  0.0206  0.0253  0.0335  0.0517  0.0770  0.1280  0.2360  0.3815  0.6012  1.0000
    56   biomsd    9.6239e+00 1.5123e-01  -0.0459  0.0083  0.0086  0.0097  0.0127  0.0080  0.0053  0.0030  0.0024  0.0022  0.0024 -0.0011 -0.0048 -0.0059 -0.0085 -0.0058 -0.0048  0.0017  0.0062  0.0114  0.0208  0.0462  0.0876  0.1449  0.2267  0.3620  0.6056  1.0000  0.6674  0.0083  0.0086  0.0097  0.0127  0.0080  0.0053  0.0030  0.0024  0.0022  0.0024 -0.0011 -0.0048 -0.0059 -0.0085 -0.0058 -0.0048  0.0017  0.0062  0.0114  0.0208  0.0462  0.0876  0.1449  0.2267  0.3620  0.6056  1.0000
    57   biomsd    9.5798e+00 1.5353e-01  -0.1411  0.0256  0.0265  0.0298  0.0390  0.0246  0.0161  0.0091  0.0071  0.0064  0.0069 -0.0041 -0.0160 -0.0201 -0.0293 -0.0232 -0.0247 -0.0130 -0.0080 -0.0043 -0.0002  0.0296  0.0704  0.0969  0.1419  0.2329  0.3941  0.6674  1.0000  0.0256  0.0265  0.0298  0.0390  0.0246  0.0161  0.0091  0.0071  0.0064  0.0069 -0.0041 -0.0160 -0.0201 -0.0293 -0.0232 -0.0247 -0.0130 -0.0080 -0.0043 -0.0002  0.0296  0.0704  0.0969  0.1419  0.2329  0.3941  0.6674  1.0000
    58   biomA     6.4779e+03 1.1822e+03  -0.1815  1.0000  0.7568  0.5633  0.3842  0.2475  0.1694  0.1076  0.0709  0.0506  0.0359  0.0113 -0.0105 -0.0201 -0.0349 -0.0295 -0.0342 -0.0226 -0.0194 -0.0191 -0.0228 -0.0015  0.0203  0.0016 -0.0136 -0.0113 -0.0115  0.0083  0.0256  1.0000  0.7568  0.5633  0.3842  0.2475  0.1694  0.1076  0.0709  0.0506  0.0359  0.0113 -0.0105 -0.0201 -0.0349 -0.0295 -0.0342 -0.0226 -0.0194 -0.0191 -0.0228 -0.0015  0.0203  0.0016 -0.0136 -0.0113 -0.0115  0.0083  0.0256  1.0000
    59   biomA     6.5925e+03 1.2088e+03  -0.1875  0.7568  1.0000  0.7404  0.4977  0.3208  0.2198  0.1402  0.0919  0.0651  0.0453  0.0168 -0.0077 -0.0188 -0.0349 -0.0298 -0.0349 -0.0232 -0.0199 -0.0196 -0.0235 -0.0016  0.0210  0.0017 -0.0141 -0.0116 -0.0119  0.0086  0.0265  0.7568  1.0000  0.7404  0.4977  0.3208  0.2198  0.1402  0.0919  0.0651  0.0453  0.0168 -0.0077 -0.0188 -0.0349 -0.0298 -0.0349 -0.0232 -0.0199 -0.0196 -0.0235 -0.0016  0.0210  0.0017 -0.0141 -0.0116 -0.0119  0.0086  0.0265  0.7568  1.0000
    60   biomA     6.7092e+03 1.1319e+03  -0.2112  0.5633  0.7404  1.0000  0.6663  0.4297  0.2946  0.1883  0.1231  0.0868  0.0596  0.0243 -0.0054 -0.0192 -0.0381 -0.0328 -0.0390 -0.0259 -0.0223 -0.0220 -0.0264 -0.0017  0.0237  0.0019 -0.0158 -0.0131 -0.0134  0.0097  0.0298  0.5633  0.7404  1.0000  0.6663  0.4297  0.2946  0.1883  0.1231  0.0868  0.0596  0.0243 -0.0054 -0.0192 -0.0381 -0.0328 -0.0390 -0.0259 -0.0223 -0.0220 -0.0264 -0.0017  0.0237  0.0019 -0.0158 -0.0131 -0.0134  0.0097  0.0298  0.5633  0.7404  1.0000
    61   biomA     6.8279e+03 9.1190e+02  -0.2762  0.3842  0.4977  0.6663  1.0000  0.6451  0.4425  0.2832  0.1849  0.1298  0.0884  0.0382 -0.0030 -0.0226 -0.0483 -0.0421 -0.0505 -0.0336 -0.0290 -0.0287 -0.0344 -0.0022  0.0310  0.0025 -0.0207 -0.0171 -0.0175  0.0127  0.0390  0.3842  0.4977  0.6663  1.0000  0.6451  0.4425  0.2832  0.1849  0.1298  0.0884  0.0382 -0.0030 -0.0226 -0.0483 -0.0421 -0.0505 -0.0336 -0.0290 -0.0287 -0.0344 -0.0022  0.0310  0.0025 -0.0207 -0.0171 -0.0175  0.0127  0.0390  0.3842  0.4977  0.6663  1.0000
    62   biomA     7.4295e+03 1.1706e+03  -0.1741  0.2475  0.3208  0.4297  0.6451  1.0000  0.6875  0.4424  0.2867  0.1985  0.1303  0.0705  0.0268  0.0034 -0.0199 -0.0203 -0.0286 -0.0194 -0.0170 -0.0172 -0.0212 -0.0011  0.0197  0.0017 -0.0130 -0.0108 -0.0110  0.0080  0.0246  0.2475  0.3208  0.4297  0.6451  1.0000  0.6875  0.4424  0.2867  0.1985  0.1303  0.0705  0.0268  0.0034 -0.0199 -0.0203 -0.0286 -0.0194 -0.0170 -0.0172 -0.0212 -0.0011  0.0197  0.0017 -0.0130 -0.0108 -0.0110  0.0080  0.0246  0.2475  0.3208  0.4297  0.6451  1.0000
    63   biomA     8.0840e+03 1.2736e+03  -0.1142  0.1694  0.2198  0.2946  0.4425  0.6875  1.0000  0.6449  0.4167  0.2870  0.1857  0.1086  0.0562  0.0260  0.0011 -0.0050 -0.0144 -0.0103 -0.0095 -0.0102 -0.0132 -0.0003  0.0131  0.0012 -0.0084 -0.0070 -0.0072  0.0053  0.0161  0.1694  0.2198  0.2946  0.4425  0.6875  1.0000  0.6449  0.4167  0.2870  0.1857  0.1086  0.0562  0.0260  0.0011 -0.0050 -0.0144 -0.0103 -0.0095 -0.0102 -0.0132 -0.0003  0.0131  0.0012 -0.0084 -0.0070 -0.0072  0.0053  0.0161  0.1694  0.2198  0.2946  0.4425  0.6875  1.0000
    64   biomA     8.7963e+03 1.1742e+03  -0.0639  0.1076  0.1402  0.1883  0.2832  0.4424  0.6449  1.0000  0.6452  0.4431  0.2845  0.1731  0.1009  0.0573  0.0262  0.0122 -0.0002 -0.0014 -0.0024 -0.0036 -0.0061  0.0006  0.0078  0.0009 -0.0046 -0.0038 -0.0040  0.0030  0.0091  0.1076  0.1402  0.1883  0.2832  0.4424  0.6449  1.0000  0.6452  0.4431  0.2845  0.1731  0.1009  0.0573  0.0262  0.0122 -0.0002 -0.0014 -0.0024 -0.0036 -0.0061  0.0006  0.0078  0.0009 -0.0046 -0.0038 -0.0040  0.0030  0.0091  0.1076  0.1402  0.1883  0.2832  0.4424  0.6449  1.0000
    65   biomA     9.5092e+03 1.4956e+03  -0.0496  0.0709  0.0919  0.1231  0.1849  0.2867  0.4167  0.6452  1.0000  0.6863  0.4397  0.2706  0.1626  0.0964  0.0513  0.0277  0.0093  0.0043  0.0018 -0.0003 -0.0033  0.0013  0.0065  0.0010 -0.0034 -0.0029 -0.0030  0.0024  0.0071  0.0709  0.0919  0.1231  0.1849  0.2867  0.4167  0.6452  1.0000  0.6863  0.4397  0.2706  0.1626  0.0964  0.0513  0.0277  0.0093  0.0043  0.0018 -0.0003 -0.0033  0.0013  0.0065  0.0010 -0.0034 -0.0029 -0.0030  0.0024  0.0071  0.0709  0.0919  0.1231  0.1849  0.2867  0.4167  0.6452  1.0000
    66   biomA     1.0280e+04 1.6111e+03  -0.0451  0.0506  0.0651  0.0868  0.1298  0.1985  0.2870  0.4431  0.6863  1.0000  0.6402  0.3955  0.2403  0.1446  0.0806  0.0452  0.0189  0.0097  0.0056  0.0024 -0.0013  0.0022  0.0065  0.0012 -0.0029 -0.0025 -0.0027  0.0022  0.0064  0.0506  0.0651  0.0868  0.1298  0.1985  0.2870  0.4431  0.6863  1.0000  0.6402  0.3955  0.2403  0.1446  0.0806  0.0452  0.0189  0.0097  0.0056  0.0024 -0.0013  0.0022  0.0065  0.0012 -0.0029 -0.0025 -0.0027  0.0022  0.0064  0.0506  0.0651  0.0868  0.1298  0.1985  0.2870  0.4431  0.6863  1.0000
    67   biomA     1.1113e+04 1.4615e+03  -0.0483  0.0359  0.0453  0.0596  0.0884  0.1303  0.1857  0.2845  0.4397  0.6402  1.0000  0.6192  0.3783  0.2293  0.1308  0.0746  0.0340  0.0180  0.0112  0.0062  0.0008  0.0036  0.0076  0.0017 -0.0028 -0.0025 -0.0028  0.0024  0.0069  0.0359  0.0453  0.0596  0.0884  0.1303  0.1857  0.2845  0.4397  0.6402  1.0000  0.6192  0.3783  0.2293  0.1308  0.0746  0.0340  0.0180  0.0112  0.0062  0.0008  0.0036  0.0076  0.0017 -0.0028 -0.0025 -0.0028  0.0024  0.0069  0.0359  0.0453  0.0596  0.0884  0.1303  0.1857  0.2845  0.4397  0.6402  1.0000
    68   biomA     1.2304e+04 1.8051e+03   0.0306  0.0113  0.0168  0.0243  0.0382  0.0705  0.1086  0.1731  0.2706  0.3955  0.6192  1.0000  0.6215  0.3850  0.2337  0.1389  0.0757  0.0429  0.0298  0.0215  0.0150  0.0067  0.0002  0.0018  0.0036  0.0027  0.0024 -0.0011 -0.0041  0.0113  0.0168  0.0243  0.0382  0.0705  0.1086  0.1731  0.2706  0.3955  0.6192  1.0000  0.6215  0.3850  0.2337  0.1389  0.0757  0.0429  0.0298  0.0215  0.0150  0.0067  0.0002  0.0018  0.0036  0.0027  0.0024 -0.0011 -0.0041  0.0113  0.0168  0.0243  0.0382  0.0705  0.1086  0.1731  0.2706  0.3955  0.6192  1.0000
    69   biomA     1.3622e+04 1.8064e+03   0.1155 -0.0105 -0.0077 -0.0054 -0.0030  0.0268  0.0562  0.1009  0.1626  0.2403  0.3783  0.6215  1.0000  0.6244  0.3873  0.2335  0.1339  0.0770  0.0549  0.0415  0.0324  0.0114 -0.0071  0.0023  0.0108  0.0085  0.0081 -0.0048 -0.0160 -0.0105 -0.0077 -0.0054 -0.0030  0.0268  0.0562  0.1009  0.1626  0.2403  0.3783  0.6215  1.0000  0.6244  0.3873  0.2335  0.1339  0.0770  0.0549  0.0415  0.0324  0.0114 -0.0071  0.0023  0.0108  0.0085  0.0081 -0.0048 -0.0160 -0.0105 -0.0077 -0.0054 -0.0030  0.0268  0.0562  0.1009  0.1626  0.2403  0.3783  0.6215  1.0000
    70   biomA     1.4769e+04 2.1562e+03   0.1462 -0.0201 -0.0188 -0.0192 -0.0226  0.0034  0.0260  0.0573  0.0964  0.1446  0.2293  0.3850  0.6244  1.0000  0.6154  0.3692  0.2079  0.1190  0.0842  0.0626  0.0471  0.0179 -0.0070  0.0041  0.0143  0.0112  0.0105 -0.0059 -0.0201 -0.0201 -0.0188 -0.0192 -0.0226  0.0034  0.0260  0.0573  0.0964  0.1446  0.2293  0.3850  0.6244  1.0000  0.6154  0.3692  0.2079  0.1190  0.0842  0.0626  0.0471  0.0179 -0.0070  0.0041  0.0143  0.0112  0.0105 -0.0059 -0.0201 -0.0201 -0.0188 -0.0192 -0.0226  0.0034  0.0260  0.0573  0.0964  0.1446  0.2293  0.3850  0.6244  1.0000
    71   biomA     1.6014e+04 2.0550e+03   0.2133 -0.0349 -0.0349 -0.0381 -0.0483 -0.0199  0.0011  0.0262  0.0513  0.0806  0.1308  0.2337  0.3873  0.6154  1.0000  0.5988  0.3348  0.1911  0.1347  0.0996  0.0738  0.0291 -0.0086  0.0069  0.0215  0.0167  0.0156 -0.0085 -0.0293 -0.0349 -0.0349 -0.0381 -0.0483 -0.0199  0.0011  0.0262  0.0513  0.0806  0.1308  0.2337  0.3873  0.6154  1.0000  0.5988  0.3348  0.1911  0.1347  0.0996  0.0738  0.0291 -0.0086  0.0069  0.0215  0.0167  0.0156 -0.0085 -0.0293 -0.0349 -0.0349 -0.0381 -0.0483 -0.0199  0.0011  0.0262  0.0513  0.0806  0.1308  0.2337  0.3873  0.6154  1.0000
    72   biomA     1.6648e+04 2.2698e+03   0.1749 -0.0295 -0.0298 -0.0328 -0.0421 -0.0203 -0.0050  0.0122  0.0277  0.0452  0.0746  0.1389  0.2335  0.3692  0.5988  1.0000  0.5404  0.3052  0.2114  0.1512  0.1029  0.0484  0.0067  0.0136  0.0226  0.0169  0.0147 -0.0058 -0.0232 -0.0295 -0.0298 -0.0328 -0.0421 -0.0203 -0.0050  0.0122  0.0277  0.0452  0.0746  0.1389  0.2335  0.3692  0.5988  1.0000  0.5404  0.3052  0.2114  0.1512  0.1029  0.0484  0.0067  0.0136  0.0226  0.0169  0.0147 -0.0058 -0.0232 -0.0295 -0.0298 -0.0328 -0.0421 -0.0203 -0.0050  0.0122  0.0277  0.0452  0.0746  0.1389  0.2335  0.3692  0.5988  1.0000
    73   biomA     1.7307e+04 1.8066e+03   0.1947 -0.0342 -0.0349 -0.0390 -0.0505 -0.0286 -0.0144 -0.0002  0.0093  0.0189  0.0340  0.0757  0.1339  0.2079  0.3348  0.5404  1.0000  0.5623  0.3866  0.2726  0.1780  0.0908  0.0280  0.0271  0.0326  0.0235  0.0191 -0.0048 -0.0247 -0.0342 -0.0349 -0.0390 -0.0505 -0.0286 -0.0144 -0.0002  0.0093  0.0189  0.0340  0.0757  0.1339  0.2079  0.3348  0.5404  1.0000  0.5623  0.3866  0.2726  0.1780  0.0908  0.0280  0.0271  0.0326  0.0235  0.0191 -0.0048 -0.0247 -0.0342 -0.0349 -0.0390 -0.0505 -0.0286 -0.0144 -0.0002  0.0093  0.0189  0.0340  0.0757  0.1339  0.2079  0.3348  0.5404  1.0000
    74   biomA     1.7251e+04 2.5673e+03   0.1282 -0.0226 -0.0232 -0.0259 -0.0336 -0.0194 -0.0103 -0.0014  0.0043  0.0097  0.0180  0.0429  0.0770  0.1190  0.1911  0.3052  0.5623  1.0000  0.6828  0.4747  0.2970  0.1642  0.0767  0.0515  0.0425  0.0287  0.0206  0.0017 -0.0130 -0.0226 -0.0232 -0.0259 -0.0336 -0.0194 -0.0103 -0.0014  0.0043  0.0097  0.0180  0.0429  0.0770  0.1190  0.1911  0.3052  0.5623  1.0000  0.6828  0.4747  0.2970  0.1642  0.0767  0.0515  0.0425  0.0287  0.0206  0.0017 -0.0130 -0.0226 -0.0232 -0.0259 -0.0336 -0.0194 -0.0103 -0.0014  0.0043  0.0097  0.0180  0.0429  0.0770  0.1190  0.1911  0.3052  0.5623  1.0000
    75   biomA     1.7195e+04 2.8004e+03   0.1094 -0.0194 -0.0199 -0.0223 -0.0290 -0.0170 -0.0095 -0.0024  0.0018  0.0056  0.0112  0.0298  0.0549  0.0842  0.1347  0.2114  0.3866  0.6828  1.0000  0.6927  0.4287  0.2418  0.1223  0.0768  0.0568  0.0375  0.0253  0.0062 -0.0080 -0.0194 -0.0199 -0.0223 -0.0290 -0.0170 -0.0095 -0.0024  0.0018  0.0056  0.0112  0.0298  0.0549  0.0842  0.1347  0.2114  0.3866  0.6828  1.0000  0.6927  0.4287  0.2418  0.1223  0.0768  0.0568  0.0375  0.0253  0.0062 -0.0080 -0.0194 -0.0199 -0.0223 -0.0290 -0.0170 -0.0095 -0.0024  0.0018  0.0056  0.0112  0.0298  0.0549  0.0842  0.1347  0.2114  0.3866  0.6828  1.0000
    76   biomA     1.7139e+04 2.6566e+03   0.1069 -0.0191 -0.0196 -0.0220 -0.0287 -0.0172 -0.0102 -0.0036 -0.0003  0.0024  0.0062  0.0215  0.0415  0.0626  0.0996  0.1512  0.2726  0.4747  0.6927  1.0000  0.6157  0.3505  0.1833  0.1119  0.0785  0.0512  0.0335  0.0114 -0.0043 -0.0191 -0.0196 -0.0220 -0.0287 -0.0172 -0.0102 -0.0036 -0.0003  0.0024  0.0062  0.0215  0.0415  0.0626  0.0996  0.1512  0.2726  0.4747  0.6927  1.0000  0.6157  0.3505  0.1833  0.1119  0.0785  0.0512  0.0335  0.0114 -0.0043 -0.0191 -0.0196 -0.0220 -0.0287 -0.0172 -0.0102 -0.0036 -0.0003  0.0024  0.0062  0.0215  0.0415  0.0626  0.0996  0.1512  0.2726  0.4747  0.6927  1.0000
    77   biomA     1.7084e+04 2.0679e+03   0.1266 -0.0228 -0.0235 -0.0264 -0.0344 -0.0212 -0.0132 -0.0061 -0.0033 -0.0013  0.0008  0.0150  0.0324  0.0471  0.0738  0.1029  0.1780  0.2970  0.4287  0.6157  1.0000  0.5724  0.3049  0.1834  0.1247  0.0806  0.0517  0.0208 -0.0002 -0.0228 -0.0235 -0.0264 -0.0344 -0.0212 -0.0132 -0.0061 -0.0033 -0.0013  0.0008  0.0150  0.0324  0.0471  0.0738  0.1029  0.1780  0.2970  0.4287  0.6157  1.0000  0.5724  0.3049  0.1834  0.1247  0.0806  0.0517  0.0208 -0.0002 -0.0228 -0.0235 -0.0264 -0.0344 -0.0212 -0.0132 -0.0061 -0.0033 -0.0013  0.0008  0.0150  0.0324  0.0471  0.0738  0.1029  0.1780  0.2970  0.4287  0.6157  1.0000
    78   biomA     1.6317e+04 2.2259e+03   0.0091 -0.0015 -0.0016 -0.0017 -0.0022 -0.0011 -0.0003  0.0006  0.0013  0.0022  0.0036  0.0067  0.0114  0.0179  0.0291  0.0484  0.0908  0.1642  0.2418  0.3505  0.5724  1.0000  0.5574  0.3228  0.2023  0.1280  0.0770  0.0462  0.0296 -0.0015 -0.0016 -0.0017 -0.0022 -0.0011 -0.0003  0.0006  0.0013  0.0022  0.0036  0.0067  0.0114  0.0179  0.0291  0.0484  0.0908  0.1642  0.2418  0.3505  0.5724  1.0000  0.5574  0.3228  0.2023  0.1280  0.0770  0.0462  0.0296 -0.0015 -0.0016 -0.0017 -0.0022 -0.0011 -0.0003  0.0006  0.0013  0.0022  0.0036  0.0067  0.0114  0.0179  0.0291  0.0484  0.0908  0.1642  0.2418  0.3505  0.5724  1.0000
    79   biomA     1.5584e+04 1.7949e+03  -0.1115  0.0203  0.0210  0.0237  0.0310  0.0197  0.0131  0.0078  0.0065  0.0065  0.0076  0.0002 -0.0071 -0.0070 -0.0086  0.0067  0.0280  0.0767  0.1223  0.1833  0.3049  0.5574  1.0000  0.5721  0.3481  0.2184  0.1280  0.0876  0.0704  0.0203  0.0210  0.0237  0.0310  0.0197  0.0131  0.0078  0.0065  0.0065  0.0076  0.0002 -0.0071 -0.0070 -0.0086  0.0067  0.0280  0.0767  0.1223  0.1833  0.3049  0.5574  1.0000  0.5721  0.3481  0.2184  0.1280  0.0876  0.0704  0.0203  0.0210  0.0237  0.0310  0.0197  0.0131  0.0078  0.0065  0.0065  0.0076  0.0002 -0.0071 -0.0070 -0.0086  0.0067  0.0280  0.0767  0.1223  0.1833  0.3049  0.5574  1.0000
    80   biomA     1.5863e+04 2.2613e+03  -0.0088  0.0016  0.0017  0.0019  0.0025  0.0017  0.0012  0.0009  0.0010  0.0012  0.0017  0.0018  0.0023  0.0041  0.0069  0.0136  0.0271  0.0515  0.0768  0.1119  0.1834  0.3228  0.5721  1.0000  0.6235  0.3939  0.2360  0.1449  0.0969  0.0016  0.0017  0.0019  0.0025  0.0017  0.0012  0.0009  0.0010  0.0012  0.0017  0.0018  0.0023  0.0041  0.0069  0.0136  0.0271  0.0515  0.0768  0.1119  0.1834  0.3228  0.5721  1.0000  0.6235  0.3939  0.2360  0.1449  0.0969  0.0016  0.0017  0.0019  0.0025  0.0017  0.0012  0.0009  0.0010  0.0012  0.0017  0.0018  0.0023  0.0041  0.0069  0.0136  0.0271  0.0515  0.0768  0.1119  0.1834  0.3228  0.5721  1.0000
    81   biomA     1.6147e+04 2.2230e+03   0.0752 -0.0136 -0.0141 -0.0158 -0.0207 -0.0130 -0.0084 -0.0046 -0.0034 -0.0029 -0.0028  0.0036  0.0108  0.0143  0.0215  0.0226  0.0326  0.0425  0.0568  0.0785  0.1247  0.2023  0.3481  0.6235  1.0000  0.6331  0.3815  0.2267  0.1419 -0.0136 -0.0141 -0.0158 -0.0207 -0.0130 -0.0084 -0.0046 -0.0034 -0.0029 -0.0028  0.0036  0.0108  0.0143  0.0215  0.0226  0.0326  0.0425  0.0568  0.0785  0.1247  0.2023  0.3481  0.6235  1.0000  0.6331  0.3815  0.2267  0.1419 -0.0136 -0.0141 -0.0158 -0.0207 -0.0130 -0.0084 -0.0046 -0.0034 -0.0029 -0.0028  0.0036  0.0108  0.0143  0.0215  0.0226  0.0326  0.0425  0.0568  0.0785  0.1247  0.2023  0.3481  0.6235  1.0000
    82   biomA     1.5975e+04 2.3274e+03   0.0622 -0.0113 -0.0116 -0.0131 -0.0171 -0.0108 -0.0070 -0.0038 -0.0029 -0.0025 -0.0025  0.0027  0.0085  0.0112  0.0167  0.0169  0.0235  0.0287  0.0375  0.0512  0.0806  0.1280  0.2184  0.3939  0.6331  1.0000  0.6012  0.3620  0.2329 -0.0113 -0.0116 -0.0131 -0.0171 -0.0108 -0.0070 -0.0038 -0.0029 -0.0025 -0.0025  0.0027  0.0085  0.0112  0.0167  0.0169  0.0235  0.0287  0.0375  0.0512  0.0806  0.1280  0.2184  0.3939  0.6331  1.0000  0.6012  0.3620  0.2329 -0.0113 -0.0116 -0.0131 -0.0171 -0.0108 -0.0070 -0.0038 -0.0029 -0.0025 -0.0025  0.0027  0.0085  0.0112  0.0167  0.0169  0.0235  0.0287  0.0375  0.0512  0.0806  0.1280  0.2184  0.3939  0.6331  1.0000
    83   biomA     1.5805e+04 1.9385e+03   0.0634 -0.0115 -0.0119 -0.0134 -0.0175 -0.0110 -0.0072 -0.0040 -0.0030 -0.0027 -0.0028  0.0024  0.0081  0.0105  0.0156  0.0147  0.0191  0.0206  0.0253  0.0335  0.0517  0.0770  0.1280  0.2360  0.3815  0.6012  1.0000  0.6056  0.3941 -0.0115 -0.0119 -0.0134 -0.0175 -0.0110 -0.0072 -0.0040 -0.0030 -0.0027 -0.0028  0.0024  0.0081  0.0105  0.0156  0.0147  0.0191  0.0206  0.0253  0.0335  0.0517  0.0770  0.1280  0.2360  0.3815  0.6012  1.0000  0.6056  0.3941 -0.0115 -0.0119 -0.0134 -0.0175 -0.0110 -0.0072 -0.0040 -0.0030 -0.0027 -0.0028  0.0024  0.0081  0.0105  0.0156  0.0147  0.0191  0.0206  0.0253  0.0335  0.0517  0.0770  0.1280  0.2360  0.3815  0.6012  1.0000
    84   biomA     1.5122e+04 2.2869e+03  -0.0459  0.0083  0.0086  0.0097  0.0127  0.0080  0.0053  0.0030  0.0024  0.0022  0.0024 -0.0011 -0.0048 -0.0059 -0.0085 -0.0058 -0.0048  0.0017  0.0062  0.0114  0.0208  0.0462  0.0876  0.1449  0.2267  0.3620  0.6056  1.0000  0.6674  0.0083  0.0086  0.0097  0.0127  0.0080  0.0053  0.0030  0.0024  0.0022  0.0024 -0.0011 -0.0048 -0.0059 -0.0085 -0.0058 -0.0048  0.0017  0.0062  0.0114  0.0208  0.0462  0.0876  0.1449  0.2267  0.3620  0.6056  1.0000  0.6674  0.0083  0.0086  0.0097  0.0127  0.0080  0.0053  0.0030  0.0024  0.0022  0.0024 -0.0011 -0.0048 -0.0059 -0.0085 -0.0058 -0.0048  0.0017  0.0062  0.0114  0.0208  0.0462  0.0876  0.1449  0.2267  0.3620  0.6056  1.0000
    85   biomA     1.4469e+04 2.2215e+03  -0.1411  0.0256  0.0265  0.0298  0.0390  0.0246  0.0161  0.0091  0.0071  0.0064  0.0069 -0.0041 -0.0160 -0.0201 -0.0293 -0.0232 -0.0247 -0.0130 -0.0080 -0.0043 -0.0002  0.0296  0.0704  0.0969  0.1419  0.2329  0.3941  0.6674  1.0000  0.0256  0.0265  0.0298  0.0390  0.0246  0.0161  0.0091  0.0071  0.0064  0.0069 -0.0041 -0.0160 -0.0201 -0.0293 -0.0232 -0.0247 -0.0130 -0.0080 -0.0043 -0.0002  0.0296  0.0704  0.0969  0.1419  0.2329  0.3941  0.6674  1.0000  0.0256  0.0265  0.0298  0.0390  0.0246  0.0161  0.0091  0.0071  0.0064  0.0069 -0.0041 -0.0160 -0.0201 -0.0293 -0.0232 -0.0247 -0.0130 -0.0080 -0.0043 -0.0002  0.0296  0.0704  0.0969  0.1419  0.2329  0.3941  0.6674  1.0000
