 The logarithm of the determinant of the hessian = 0.980267
 index   name       value      std.dev       1       2       3       4       5       6       7       8       9      10      11      12      13      14      15      16      17      18      19      20      21      22      23      24      25      26      27      28      29      30      31   
     1   logSdLam -1.8329e+00 6.1254e-01   1.0000
     2   biom      3.5792e+00 2.6505e-01  -0.0595  1.0000
     3   biom      3.5713e+00 2.5471e-01  -0.1094  0.8273  1.0000
     4   biom      3.5634e+00 2.3499e-01  -0.1702  0.6654  0.8075  1.0000
     5   biom      3.5822e+00 2.5106e-01  -0.1131  0.5372  0.6510  0.8053  1.0000
     6   biom      3.6010e+00 2.5721e-01  -0.0653  0.4408  0.5331  0.6585  0.8204  1.0000
     7   biom      3.6197e+00 2.5417e-01  -0.0204  0.3615  0.4359  0.5373  0.6727  0.8224  1.0000
     8   biom      3.6385e+00 2.4158e-01   0.0265  0.2913  0.3497  0.4295  0.5420  0.6658  0.8121  1.0000
     9   biom      3.7024e+00 2.6200e-01   0.2834  0.2111  0.2434  0.2895  0.3921  0.5010  0.6267  0.7852  1.0000
    10   biom      3.7664e+00 2.8809e-01   0.4933  0.1396  0.1494  0.1664  0.2587  0.3529  0.4588  0.5896  0.8216  1.0000
    11   biom      3.7521e+00 2.8387e-01   0.4338  0.1178  0.1253  0.1389  0.2181  0.2989  0.3895  0.5013  0.7022  0.8568  1.0000
    12   biom      3.7377e+00 2.7184e-01   0.3832  0.0980  0.1034  0.1137  0.1814  0.2502  0.3272  0.4222  0.5959  0.7298  0.8491  1.0000
    13   biom      3.6982e+00 2.7459e-01   0.2433  0.0904  0.0996  0.1140  0.1676  0.2231  0.2860  0.3642  0.4920  0.5895  0.6985  0.8341  1.0000
    14   biom      3.6588e+00 2.7445e-01   0.1071  0.0839  0.0969  0.1155  0.1558  0.1986  0.2482  0.3107  0.3944  0.4569  0.5567  0.6785  0.8356  1.0000
    15   biom      3.6193e+00 2.7140e-01  -0.0295  0.0781  0.0952  0.1182  0.1455  0.1760  0.2125  0.2598  0.2998  0.3275  0.4192  0.5283  0.6782  0.8337  1.0000
    16   biom      3.5798e+00 2.6534e-01  -0.1710  0.0731  0.0945  0.1224  0.1365  0.1546  0.1781  0.2102  0.2054  0.1974  0.2817  0.3791  0.5230  0.6712  0.8282  1.0000
    17   biomsd    3.5792e+00 2.6505e-01  -0.0595  1.0000  0.8273  0.6654  0.5372  0.4408  0.3615  0.2913  0.2111  0.1396  0.1178  0.0980  0.0904  0.0839  0.0781  0.0731  1.0000
    18   biomsd    3.5713e+00 2.5471e-01  -0.1094  0.8273  1.0000  0.8075  0.6510  0.5331  0.4359  0.3497  0.2434  0.1494  0.1253  0.1034  0.0996  0.0969  0.0952  0.0945  0.8273  1.0000
    19   biomsd    3.5634e+00 2.3499e-01  -0.1702  0.6654  0.8075  1.0000  0.8053  0.6585  0.5373  0.4295  0.2895  0.1664  0.1389  0.1137  0.1140  0.1155  0.1182  0.1224  0.6654  0.8075  1.0000
    20   biomsd    3.5822e+00 2.5106e-01  -0.1131  0.5372  0.6510  0.8053  1.0000  0.8204  0.6727  0.5420  0.3921  0.2587  0.2181  0.1814  0.1676  0.1558  0.1455  0.1365  0.5372  0.6510  0.8053  1.0000
    21   biomsd    3.6010e+00 2.5721e-01  -0.0653  0.4408  0.5331  0.6585  0.8204  1.0000  0.8224  0.6658  0.5010  0.3529  0.2989  0.2502  0.2231  0.1986  0.1760  0.1546  0.4408  0.5331  0.6585  0.8204  1.0000
    22   biomsd    3.6197e+00 2.5417e-01  -0.0204  0.3615  0.4359  0.5373  0.6727  0.8224  1.0000  0.8121  0.6267  0.4588  0.3895  0.3272  0.2860  0.2482  0.2125  0.1781  0.3615  0.4359  0.5373  0.6727  0.8224  1.0000
    23   biomsd    3.6385e+00 2.4158e-01   0.0265  0.2913  0.3497  0.4295  0.5420  0.6658  0.8121  1.0000  0.7852  0.5896  0.5013  0.4222  0.3642  0.3107  0.2598  0.2102  0.2913  0.3497  0.4295  0.5420  0.6658  0.8121  1.0000
    24   biomsd    3.7024e+00 2.6200e-01   0.2834  0.2111  0.2434  0.2895  0.3921  0.5010  0.6267  0.7852  1.0000  0.8216  0.7022  0.5959  0.4920  0.3944  0.2998  0.2054  0.2111  0.2434  0.2895  0.3921  0.5010  0.6267  0.7852  1.0000
    25   biomsd    3.7664e+00 2.8809e-01   0.4933  0.1396  0.1494  0.1664  0.2587  0.3529  0.4588  0.5896  0.8216  1.0000  0.8568  0.7298  0.5895  0.4569  0.3275  0.1974  0.1396  0.1494  0.1664  0.2587  0.3529  0.4588  0.5896  0.8216  1.0000
    26   biomsd    3.7521e+00 2.8387e-01   0.4338  0.1178  0.1253  0.1389  0.2181  0.2989  0.3895  0.5013  0.7022  0.8568  1.0000  0.8491  0.6985  0.5567  0.4192  0.2817  0.1178  0.1253  0.1389  0.2181  0.2989  0.3895  0.5013  0.7022  0.8568  1.0000
    27   biomsd    3.7377e+00 2.7184e-01   0.3832  0.0980  0.1034  0.1137  0.1814  0.2502  0.3272  0.4222  0.5959  0.7298  0.8491  1.0000  0.8341  0.6785  0.5283  0.3791  0.0980  0.1034  0.1137  0.1814  0.2502  0.3272  0.4222  0.5959  0.7298  0.8491  1.0000
    28   biomsd    3.6982e+00 2.7459e-01   0.2433  0.0904  0.0996  0.1140  0.1676  0.2231  0.2860  0.3642  0.4920  0.5895  0.6985  0.8341  1.0000  0.8356  0.6782  0.5230  0.0904  0.0996  0.1140  0.1676  0.2231  0.2860  0.3642  0.4920  0.5895  0.6985  0.8341  1.0000
    29   biomsd    3.6588e+00 2.7445e-01   0.1071  0.0839  0.0969  0.1155  0.1558  0.1986  0.2482  0.3107  0.3944  0.4569  0.5567  0.6785  0.8356  1.0000  0.8337  0.6712  0.0839  0.0969  0.1155  0.1558  0.1986  0.2482  0.3107  0.3944  0.4569  0.5567  0.6785  0.8356  1.0000
    30   biomsd    3.6193e+00 2.7140e-01  -0.0295  0.0781  0.0952  0.1182  0.1455  0.1760  0.2125  0.2598  0.2998  0.3275  0.4192  0.5283  0.6782  0.8337  1.0000  0.8282  0.0781  0.0952  0.1182  0.1455  0.1760  0.2125  0.2598  0.2998  0.3275  0.4192  0.5283  0.6782  0.8337  1.0000
    31   biomsd    3.5798e+00 2.6534e-01  -0.1710  0.0731  0.0945  0.1224  0.1365  0.1546  0.1781  0.2102  0.2054  0.1974  0.2817  0.3791  0.5230  0.6712  0.8282  1.0000  0.0731  0.0945  0.1224  0.1365  0.1546  0.1781  0.2102  0.2054  0.1974  0.2817  0.3791  0.5230  0.6712  0.8282  1.0000
    32   biomA     3.5844e+01 9.5006e+00  -0.0595  1.0000  0.8273  0.6654  0.5372  0.4408  0.3615  0.2913  0.2111  0.1396  0.1178  0.0980  0.0904  0.0839  0.0781  0.0731  1.0000  0.8273  0.6654  0.5372  0.4408  0.3615  0.2913  0.2111  0.1396  0.1178  0.0980  0.0904  0.0839  0.0781  0.0731  1.0000
    33   biomA     3.5563e+01 9.0583e+00  -0.1094  0.8273  1.0000  0.8075  0.6510  0.5331  0.4359  0.3497  0.2434  0.1494  0.1253  0.1034  0.0996  0.0969  0.0952  0.0945  0.8273  1.0000  0.8075  0.6510  0.5331  0.4359  0.3497  0.2434  0.1494  0.1253  0.1034  0.0996  0.0969  0.0952  0.0945  0.8273  1.0000
    34   biomA     3.5284e+01 8.2914e+00  -0.1702  0.6654  0.8075  1.0000  0.8053  0.6585  0.5373  0.4295  0.2895  0.1664  0.1389  0.1137  0.1140  0.1155  0.1182  0.1224  0.6654  0.8075  1.0000  0.8053  0.6585  0.5373  0.4295  0.2895  0.1664  0.1389  0.1137  0.1140  0.1155  0.1182  0.1224  0.6654  0.8075  1.0000
    35   biomA     3.5952e+01 9.0262e+00  -0.1131  0.5372  0.6510  0.8053  1.0000  0.8204  0.6727  0.5420  0.3921  0.2587  0.2181  0.1814  0.1676  0.1558  0.1455  0.1365  0.5372  0.6510  0.8053  1.0000  0.8204  0.6727  0.5420  0.3921  0.2587  0.2181  0.1814  0.1676  0.1558  0.1455  0.1365  0.5372  0.6510  0.8053  1.0000
    36   biomA     3.6633e+01 9.4226e+00  -0.0653  0.4408  0.5331  0.6585  0.8204  1.0000  0.8224  0.6658  0.5010  0.3529  0.2989  0.2502  0.2231  0.1986  0.1760  0.1546  0.4408  0.5331  0.6585  0.8204  1.0000  0.8224  0.6658  0.5010  0.3529  0.2989  0.2502  0.2231  0.1986  0.1760  0.1546  0.4408  0.5331  0.6585  0.8204  1.0000
    37   biomA     3.7327e+01 9.4874e+00  -0.0204  0.3615  0.4359  0.5373  0.6727  0.8224  1.0000  0.8121  0.6267  0.4588  0.3895  0.3272  0.2860  0.2482  0.2125  0.1781  0.3615  0.4359  0.5373  0.6727  0.8224  1.0000  0.8121  0.6267  0.4588  0.3895  0.3272  0.2860  0.2482  0.2125  0.1781  0.3615  0.4359  0.5373  0.6727  0.8224  1.0000
    38   biomA     3.8034e+01 9.1883e+00   0.0265  0.2913  0.3497  0.4295  0.5420  0.6658  0.8121  1.0000  0.7852  0.5896  0.5013  0.4222  0.3642  0.3107  0.2598  0.2102  0.2913  0.3497  0.4295  0.5420  0.6658  0.8121  1.0000  0.7852  0.5896  0.5013  0.4222  0.3642  0.3107  0.2598  0.2102  0.2913  0.3497  0.4295  0.5420  0.6658  0.8121  1.0000
    39   biomA     4.0546e+01 1.0623e+01   0.2834  0.2111  0.2434  0.2895  0.3921  0.5010  0.6267  0.7852  1.0000  0.8216  0.7022  0.5959  0.4920  0.3944  0.2998  0.2054  0.2111  0.2434  0.2895  0.3921  0.5010  0.6267  0.7852  1.0000  0.8216  0.7022  0.5959  0.4920  0.3944  0.2998  0.2054  0.2111  0.2434  0.2895  0.3921  0.5010  0.6267  0.7852  1.0000
    40   biomA     4.3224e+01 1.2452e+01   0.4933  0.1396  0.1494  0.1664  0.2587  0.3529  0.4588  0.5896  0.8216  1.0000  0.8568  0.7298  0.5895  0.4569  0.3275  0.1974  0.1396  0.1494  0.1664  0.2587  0.3529  0.4588  0.5896  0.8216  1.0000  0.8568  0.7298  0.5895  0.4569  0.3275  0.1974  0.1396  0.1494  0.1664  0.2587  0.3529  0.4588  0.5896  0.8216  1.0000
    41   biomA     4.2608e+01 1.2095e+01   0.4338  0.1178  0.1253  0.1389  0.2181  0.2989  0.3895  0.5013  0.7022  0.8568  1.0000  0.8491  0.6985  0.5567  0.4192  0.2817  0.1178  0.1253  0.1389  0.2181  0.2989  0.3895  0.5013  0.7022  0.8568  1.0000  0.8491  0.6985  0.5567  0.4192  0.2817  0.1178  0.1253  0.1389  0.2181  0.2989  0.3895  0.5013  0.7022  0.8568  1.0000
    42   biomA     4.2002e+01 1.1418e+01   0.3832  0.0980  0.1034  0.1137  0.1814  0.2502  0.3272  0.4222  0.5959  0.7298  0.8491  1.0000  0.8341  0.6785  0.5283  0.3791  0.0980  0.1034  0.1137  0.1814  0.2502  0.3272  0.4222  0.5959  0.7298  0.8491  1.0000  0.8341  0.6785  0.5283  0.3791  0.0980  0.1034  0.1137  0.1814  0.2502  0.3272  0.4222  0.5958  0.7298  0.8491  1.0000
    43   biomA     4.0376e+01 1.1087e+01   0.2433  0.0904  0.0996  0.1140  0.1676  0.2231  0.2860  0.3642  0.4920  0.5895  0.6985  0.8341  1.0000  0.8356  0.6782  0.5230  0.0904  0.0996  0.1140  0.1676  0.2231  0.2860  0.3642  0.4920  0.5895  0.6985  0.8341  1.0000  0.8356  0.6782  0.5230  0.0904  0.0996  0.1140  0.1676  0.2231  0.2860  0.3642  0.4920  0.5895  0.6985  0.8341  1.0000
    44   biomA     3.8813e+01 1.0652e+01   0.1071  0.0839  0.0969  0.1155  0.1558  0.1986  0.2482  0.3107  0.3944  0.4569  0.5567  0.6785  0.8356  1.0000  0.8337  0.6712  0.0839  0.0969  0.1155  0.1558  0.1986  0.2482  0.3107  0.3944  0.4569  0.5567  0.6785  0.8356  1.0000  0.8337  0.6712  0.0839  0.0969  0.1155  0.1558  0.1986  0.2482  0.3107  0.3944  0.4569  0.5567  0.6785  0.8356  1.0000
    45   biomA     3.7311e+01 1.0126e+01  -0.0295  0.0781  0.0952  0.1182  0.1455  0.1760  0.2125  0.2598  0.2998  0.3275  0.4192  0.5283  0.6782  0.8337  1.0000  0.8282  0.0781  0.0952  0.1182  0.1455  0.1760  0.2125  0.2598  0.2998  0.3275  0.4192  0.5283  0.6782  0.8337  1.0000  0.8282  0.0781  0.0952  0.1182  0.1455  0.1760  0.2125  0.2598  0.2998  0.3275  0.4192  0.5283  0.6782  0.8337  1.0000
    46   biomA     3.5867e+01 9.5171e+00  -0.1710  0.0731  0.0945  0.1224  0.1365  0.1546  0.1781  0.2102  0.2054  0.1974  0.2817  0.3791  0.5230  0.6712  0.8282  1.0000  0.0731  0.0945  0.1224  0.1365  0.1546  0.1781  0.2102  0.2054  0.1974  0.2817  0.3791  0.5230  0.6712  0.8282  1.0000  0.0731  0.0945  0.1224  0.1365  0.1546  0.1781  0.2102  0.2054  0.1974  0.2817  0.3791  0.5230  0.6712  0.8282  1.0000
